0.0334362
-0.0555383
0.103974
-0.0707588
0.0191226
-0.113187
0.00261599
-0.0769503
0.0303372
-0.0714118
0.00434743
-0.072604
-0.0343263
-0.0594314
0.0515552
-0.0737178
-0.00504133
-0.0684097
-0.0283903
-0.0454
-0.0483377
-0.0560917
-0.016707
-9.83617e-005
0.110852
0.0488146
0.048728
0.0429795
0.0434679
0.0642773
0.130486
0.0487016
0.118711
0.0455931
0.162211
-0.0122954
0.157387
0.0315557
0.183909
0.00853483
0.082706
-0.0131295
0.0767622
0.00451833
0.0951269
-0.0155865
0.134238
-0.0754212
0.0277735
0.0848595
0.0274496
0.0135709
-0.127857
0.0168578
0.159457
-0.00285048
0.134619
0.00812565
-0.0719359
0.0228643
0.0484569
0.02155
0.0577659
-0.00225372
-0.0281364
0.0509908
0.0353935
0.0396653
0.0478702
-0.0132516
-0.0506141
0.0142102
0.0048973
0.0280939
0.0308895
0.0424436
0.0525462
0.0282986
0.100345
0.0581639
0.0933346
0.104821
0.116651
0.0343841
0.0968911
0.058274
0.127003
0.0408472
0.10308
0.0129227
0.0958319
0.0445481
-0.00718572
0.0967214
0.0860256
-0.0107301
0.0892169
-0.0897898
0.082671
-0.15362
0.0677922
0.0207549
0.0606793
0.0232148
0.114375
-0.0654081
-0.0399315
-0.116818
0.105361
-0.0644579
0.101946
-0.0954642
0.0769255
-0.0378039
0.0431623
-0.0846486
0.00192857
0.0058503
0.0546338
-0.108655
0.0926597
-0.0277731
0.0991158
0.0269181
0.0443624
-0.0107892
0.0996058
0.0145827
0.0808207
0.0108381
0.0859632
0.0256174
0.106295
-0.00682865
0.0285503
0.0161532
0.047652
0.0151557
0.00375384
0.0237414
0.0742363
0.00848914
0.0584601
0.0155291
0.0217625
0.00565619
0.0840982
0.0324028
0.0942587
0.0167524
0.0686414
0.0121497
0.101713
0.0135118
0.0900627
0.0224884
0.0804855
-0.0408739
-0.0277567
0.00232812
0.233078
-0.0399167
0.100522
-0.0111724
0.0534746
0.00544874
0.132487
-0.0199857
-0.025798
-0.000815173
0.00327591
0.00620577
0.0234872
0.00601892
0.0150677
0.0160052
0.0185678
0.0256491
-0.0256556
-0.044169
0.0229146
0.0156257
-0.00575657
-0.0235491
-0.015477
-0.0183032
-0.0145293
0.0088245
-0.00262596
-0.00265851
-0.00423655
0.00609787
0.010668
-0.00355952
-0.00934409
0.0103583
-0.00347425
-0.000866887
-0.00970119
-0.0011355
-0.00809045
0.00370748
0.0349998
0.0273352
-0.00147377
-0.00116812
0.0102083
0.00395199
-0.00927572
0.008917
-0.0147972
-0.00424745
-0.0538964
0.0171137
0.00411252
0.00770304
-0.0688299
0.00955592
-0.0371844
-0.0182013
-0.0299951
0.00370331
-0.00625566
0.00104614
-0.0940896
0.0144555
-0.0342679
0.00273098
-0.0504598
0.00696444
-0.00348684
0.00342795
-0.0783989
0.00997381
0.0026986
0.00723044
-0.0126098
0.00655787
-0.00192066
0.00754255
-0.0561698
0.0107298
-0.00374809
0.00241374
-0.0312394
0.00887904
-0.00334404
0.00231259
-0.0188921
0.00134794
-0.0326846
0.0046534
-0.0561678
0.0107152
-0.0269527
0.00782174
-0.0104123
0.00319448
0.00339293
0.00934987
-0.0588224
0.00936176
-0.0311504
0.0104129
-0.0389634
0.00453199
-0.00364904
0.00389944
-0.0273267
0.00107767
-0.0261289
0.00880152
-0.0105094
0.0137613
-0.0277777
0.00968749
-0.0287257
0.00153673
0.00223057
0.00567601
-0.0591649
0.00693022
0.00258247
0.00599388
-0.027521
0.00795665
0.00284895
0.00628539
-0.0109137
0.00138029
-0.00239175
0.00463109
-0.0209585
0.00167443
0.00379927
0.00723403
-0.0255796
0.012315
0.00320851
0.00756013
-0.510318
-0.0318674
-0.420956
0.00690322
-0.000402818
-0.00109194
-0.0337589
0.00967171
-0.00135298
0.000419907
-0.031257
0.0059164
-0.00840697
-0.000459163
-0.0305012
0.00624573
-0.00792002
-0.00623821
0.00433204
0.0065204
0.000478395
0.00155786
-0.053916
0.0105204
-0.00885022
0.000544016
0.00326538
0.00712814
-0.0103621
-0.00651856
-0.024096
0.00948282
-0.0054346
-0.000820666
-0.0036272
0.00436519
-0.00778193
-0.00333153
-0.0253008
-0.0151144
-0.00712761
-0.0019704
0.00454461
0.00684475
-0.0034566
0.00124447
-0.0293776
0.00845802
-0.00948259
0.0166128
0.00422554
0.00722571
-0.0828082
0.0114854
-0.0280776
0.00837027
-0.00859939
-0.00202279
0.00372854
0.00718871
0.0948663
0.148215
0.0743458
0.0450183
-0.0120997
0.0582651
0.0713697
0.0332999
0.0388271
0.058353
0.0833926
0.0201528
0.0592371
0.0115614
0.0679829
0.0190497
0.0752802
0.0189959
0.0754645
0.0122166
0.0623874
0.0177786
0.100806
0.02815
0.0915744
0.0115361
0.0707715
0.0221778
0.0778168
0.0126963
0.0922943
0.0220267
0.107056
0.0446859
0.00498021
0.0451533
0.0286576
0.0480757
0.0457465
0.0278098
0.0502232
0.0316809
0.087773
0.0248119
0.0491626
0.0464118
-0.187699
0.219549
0.0778242
0.0170634
0.0546191
0.0425162
0.00621587
0.0353739
0.042282
0.010358
0.0634728
0.0334469
-0.0054627
0.0366412
0.00955275
0.0211607
0.0377351
0.0212201
0.071357
0.0233691
0.0012824
0.0280794
0.0843698
0.00875323
0.0391462
0.0167409
0.0980976
0.0224434
0.0227359
0.0416755
0.00216087
0.000847287
0.00213246
-0.000470991
-0.000259499
-0.000262524
0.000410862
0.000783398
-0.000579179
0.00224738
0
0
-0.000213076
0.000257853
0.00171625
0.000292915
0.00257568
0.000142443
-1.86222e-005
-0.00142335
-0.0035489
0.00862048
4.78502e-005
0.00178775
0
0
-0.000202134
0.000206525
-0.00113903
6.06164e-005
0.00628192
-0.00423373
-4.94629e-005
0.000396148
2.00624e-005
0.000858163
0
0
-0.00254086
-0.00012616
0.000142081
0.000747261
-0.00234718
-0.000108679
0.000140272
-0.00125753
-0.00180768
0.000123794
-7.2413e-005
0.0013956
0
0
-6.48301e-005
0.000119332
0.000244082
-0.00295484
0.00016248
-4.032e-005
-0.00398403
0.00177792
0
0
6.41878e-005
-0.00168792
0.000212695
-0.00398704
-0.00430697
0.000326559
0.000197624
0.00420737
0
0
-8.49075e-005
-0.000170586
0.00606244
0.000124185
-0.00189299
-0.000109761
0.000286817
-0.000569662
-0.00192825
8.92219e-005
0.000124265
0.00220324
0
0
0.000149848
-7.69651e-005
0.00354367
-0.000522548
-0.0080978
0.000139033
0.000343626
-0.00180696
-0.00207266
0.000105657
4.46572e-005
0.000562504
0
0
-0.000119362
0.000290687
-0.00188532
0.000107468
4.96396e-005
0.00291578
0
0
5.07033e-005
0.000313946
-1.95989e-005
-0.00139831
-0.00239305
8.77005e-005
3.59337e-005
-0.000484885
0
0
-2.90579e-006
0.000416583
0.000163692
-0.00134107
-0.00295504
0.000443674
8.83005e-005
0.00088698
0
0
2.24274e-005
-0.00171703
-0.00020298
-0.000187803
0
0
0.000158567
-0.0019953
-0.0129834
7.56353e-005
-0.000324898
-0.000668058
0.000998913
-0.00193167
-0.00317288
0.000327463
-5.02828e-005
-0.00158662
0
0
8.07084e-005
-0.00015382
1.36615e-005
-0.00010057
-0.00584538
0.000172891
-0.00116081
-0.000533012
-0.00206539
0.00203632
0
0
1.26799e-005
0.000280665
0.000261696
-0.00122724
0.000261451
0.000614851
-0.00144199
6.68563e-007
7.52584e-006
-0.000645832
0
0
-5.92914e-005
3.71507e-006
-0.000245745
-0.000671958
-0.00250282
0.000185076
0.000188222
-0.00170676
0
0
0.000335238
-0.000227795
-6.68558e-005
-0.000204699
-0.000185296
0.000702537
-0.00350073
-0.000782293
0.000139779
0.00103817
0
0
-0.00013357
-9.05789e-005
-7.7956e-005
5.82763e-005
0.00322566
-0.00505025
0
0
0.000143002
-4.80341e-005
-4.14233e-005
-0.000951944
-0.00291399
-0.0012551
0
0
-0.000164073
-0.000140395
-6.30874e-005
-0.000416409
-0.0022903
0.000133893
-0.00263192
-5.58931e-005
-0.000113476
-6.41594e-005
0
0
5.92136e-005
0.00028107
-2.15727e-005
-0.000283818
0.000276516
-0.00160081
-0.00120464
0.000224473
-0.00215789
0.00117879
0
0
3.88256e-005
-0.000152397
0.000201073
-0.00054318
0.000316844
-0.000152821
-0.00273654
-0.00177049
0
0
4.9675e-006
5.76378e-005
0.000282657
-0.000599564
0.00077967
-0.000163537
-0.00354029
8.01306e-005
-0.00272646
0.00422112
0
0
5.48662e-005
8.96959e-005
0.00795226
-0.000646858
0.00562301
-6.31407e-005
0.000395377
-0.00208731
-0.00118355
0.000150476
0.000129599
0.00351314
0
0
7.98109e-006
8.65349e-005
-2.43357e-005
-0.000111168
0.0012875
-6.28613e-005
0
0
-4.27602e-005
0.000288108
-0.000944795
-0.000355901
0
0
-0.000190731
2.78863e-005
-0.000749434
-0.00125623
9.73841e-005
-2.0814e-005
3.21148e-005
0.00124421
0
0
0.000287597
3.42331e-005
0.000275965
-0.00253952
-0.00093216
1.48783e-005
-0.00240168
0.00255532
0
0
-8.11078e-005
0.000281532
0.000100884
-0.000675331
0
0
0.000189745
0.000174808
0.000118565
-0.00121705
0.000356638
0.00113854
0
0
0.000151373
0.000286007
4.68126e-005
-0.000179998
0
0
-9.75479e-006
0.000677546
0
0
0.000345992
-3.63973e-005
-0.000879757
-0.00226343
0.000309368
-7.63632e-005
0.000784067
-0.00383998
-0.00463231
0.000244375
0.000278111
0.000929906
0
0
-4.62068e-005
-0.000170335
0.000779773
-0.000752793
-0.00144377
1.68731e-005
0.00164647
-0.00195057
-0.00110444
0.000431188
3.72706e-005
0.00264399
0
0
-0.00260554
-9.24448e-005
0.0010848
-0.00138248
-0.0047284
4.24381e-005
0.000354645
0.000688342
0
0
4.13759e-005
0.000345918
0.0157315
-0.00254449
-0.00879644
0.00101929
-0.000507908
-0.00549871
-0.000651456
4.9971e-005
2.54118e-005
1.27362e-005
0
0
2.84775e-005
3.18227e-005
-0.00616418
0.000161656
-0.00241024
-0.000247447
0.000385804
-0.00160629
-0.00231692
0.000142574
0.00311703
0.00135784
0
0
0.000321725
8.05645e-006
0.00179929
0.00106782
0.0266922
-0.00768776
0.00220654
0.000422869
0.0108443
-0.0067549
0.0203004
-0.00699565
0.00226621
-0.000121534
-0.00882674
-0.000596727
-0.00412662
-0.00692589
-0.00747372
-0.0110445
-0.00251619
-0.00107058
0.00309396
-0.000968344
-5.27964e-005
-0.000432246
-0.00273033
-0.000593581
0.00812563
-0.00754929
0.0145071
-0.000337502
-0.00374352
-0.00666555
0.000397011
-0.00145098
-0.00160391
-2.34958e-005
-1.01179e-005
0.00162012
0
0
0
0
0
0
0
0
0
0
0
0
0
0
0
0
0
0
0
0
0
0
0
0
0
0
0
0
0
0
0
0
0
0
0
0
0
0
0
0
0
0
0
0
0
0
0
0
0
0
0
0
0
0
0
0
0
0
0
0
0
0
0
0
0
0
0
0
0
0
0
0
0
0
0
0
0
0
0
0
0
0
0
0
0
0
0
0
0
0
0
0
0
0
0
0
0
0
0
0
0
0
0
0
0
0
0
0
0
0
0
0
0
0
0
0
0
0
0
0
0
0
0
0
0
0
0
0
0
0
0
0
0
0
0
0
0
0
0
0
0
0
0
0
0
0
0
0
0
0
0
0
0
0
0
0
0
0
0
0
0
0
0
0
0
0
0
0
0
0
0
0
0
0
0
0
0
0
0
0
0
0
0
0
0
0
0
0
0
0
0
0
0
0
0
0
0
0
0
0
0
0
0
0
0
0
0
0
0
0
0
0
0
0
0
0
0
0
0
0
0
0
0
0
0
0
0
0
0
0
0
0
0
0
0
0
0
0
0
0
0
0
0
0
0
0
0
0
0
0
0
0
0
0
0
0
0
0
0
0
0
0
0
0
0
0
0
0
0
0
0
0
0
0
0
0
0
0
0
0
0
0
0
0
0
0
0
0
0
0
0
0
0
0
0
0
0
0
0
0
0
0
0
0
0
0
0
0
0
0
0
0
0
0
0
0
0
0
0
0
0
0
0
0
0
0
0
0
0
0
0
0
0
0
0
0
0
0
0
0
0
0
0
0
0
0
0
0
0
0
0
0
0
0
0
0
0
0
0
0
0
0
0
0
0
0
0
0
0
0
0
0
0
0
0
0
0
0
0
0
0
0
0
0
0
0
0
0
0
0
0
0
0
0
0
0
0
0
0
0
0
0
0
0
0
0
0
0
0
0
0
0
0
0
0
0
0
0
0
0
0
0
0
0
0
0
0
0
0
0
0
0
0
0
0
0
0
0
0
0
0
0
0
0
0
0
0
0
0
0
0
0
0
0
0
0
0
0
0
0
0
0
0
0
0
0
0
0
0
0
0
0
0
0
0
0
0
0
0
0
0
0
0
0
0
0
0
0
0
0
0
0
0
0
0
0
0
0
0
0
0
0
0
0
0
0
0
0
0
0
0
0
0
0
0
0
0
0
0
0
0
0
0
0
0
0
0
0
0
0
0
0
0
0
0
0
0
0
0
0
0
0
0
0
0
0
0
0
0
0
0
0
0
0
0
0
0
0
0
0
0
0
0
0
0
0
0
0
0
0
0
0
0
0
0
0
0
0
0
0
0
0
0
0
0
0
0
0
0
0
0
0
0
0
0
0
0
0
0
0
0
0
0
0
0
0
0
0
0
0
0
0
0
0
0
0
0
0
0
0
0
0
0
0
0
0
0
0
0
0
0
0
0
0
0
0
0
0
0
0
0
0
0
0
0
0
0
0
0
0
0
0
0
0
0
0
0
0
0
0
0
0
0
0
0
0
0
0
0
0
0
0
0
0
0
0
0
0
0
0
0
0
0
0
0
0
0
0
0
0
0
0
0
0
0
0
0
0
0
0
0
0
0
0
0
0
0
0
0
0
0
0
0
0
0
0
0
0
0
0
0
0
0
0
0
0
0
0
0
0
0
0
0
0
0
0
0
0
0
0
0
0
0
0
0
0
0
0
0
0
0
0
0
0
0
0
0
0
0
0
0
0
0
0
0
0
0
0
0
0
0
0
0
0
0
0
0
0
0
0
0
0
0
0
0
0
0
0
0
0
0
0
0
0
0
0
0
0
0
0
0
0
0
0
0
0
0
0
0
0
0
0
0
0
0
0
0
0
0
0
0
0
0
0
0
0
0
0
0
0
0
0
0
0
0
0
0
0
0
0
0
0
0
0
0
0
0
0
0
0
0
0
0
0
0
0
0
0
0
0
0
0
0
0
0
0
0
0
0
0
0
0
0
0
0
0
0
0
0
0
0
0
0
0
0
0
0
0
0
0
0
0
0
0
0
0
0
0
0
0
0
0
0
0
0
0
0
0
0
0
0
0
0
0
0
0
0
0
0
0
0
0
0
0
0
0
0
0
0
0
0
0
0
0
0
0
0
0
0
0
0
0
0
0
0
0
0
0
0
0
0
0
0
0
0
0
0
0
0
0
0
0
0
0
0
0
0
0
0
0
0
0
0
0
0
0
0
0
0
0
0
0
0
0
0
0
0
0
0
0
0
0
0
0
0
0
0
0
0
0
0
0
0
0
0
0
0
0
0
0
0
0
0
0
0
0
0
0
0
0
0
0
0
0
0
0
0
0
0
0
0
0
0
0
0
0
0
0
0
0
0
0
0
0
0
0
0
0
0
0
0
0
0
0
0
0
0
0
0
0
0
0
0
0
0
0
0
0
0
0
0
0
0
0
0
0
0
0
0
0
0
0
0
0
0
0
0
0
0
0
0
0
0
0
0
0
0
0
0
0
0
0
0
0
0
0
0
0
0
0
0
0
0
0
0
0
0
0
0
0
0
0
0
0
0
0
0
0
0
0
0
0
0
0
0
0
0
0
0
0
0
0
0
0
0
0
0
0
0
0
0
0
0
0
0
0
0
0
0
0
0
0
0
0
0
0
0
0
0
0
0
0
0
0
0
0
0
0
0
0
0
0
0
0
0
0
0
0
0
0
0
0
0
0
0
0
0
0
0
0
0
0
0
0
0
0
0
0
0
0
0
0
0
0
0
0
0
0
0
0
0
0
0
0
0
0
0
0
0
0
0
0
0
0
0
0
0
0
0
0
0
0
0
0
0
0
0
0
0
0
0
0
0
0
0
0
0
0
0
0
0
0
0
0
0
0
0
0
0
0
0
0
0
0
0
0
0
0
0
0
0
0
0
0
0
0
0
0
0
0
0
0
0
0
0
0
0
0
0
0
0
0
0
0
0
0
0
0
0
0
0
0
0
0
0
0
0
0
0
0
0
0
0
0
0
0
0
0
0
0
0
0
0
0
0
0
0
0
0
0
0
0
0
0
0
0
0
0
0
0
0
0
0
0
0
0
0
0
0
0
0
0
0
0
0
0
0
0
0
0
0
0
0
0
0
0
0
0
0
0
0
0
0
0
0
0
0
0
0
0
0
0
0
0
0
0
0
0
0
0
0
0
0
0
0
0
0
0
0
0
0
0
0
0
0
0
0
0
0
0
0
0
0
0
0
0
0
0
0
0
0
0
0
0
0
0
0
0
0
0
0
0
0
0
0
0
0
0
0
0
0
0
0
0
0
0
0
0
0
0
0
0
0
0
0
0
0
0
0
0
0
0
0
0
0
0
0
0
0
0
0
0
0
0
0
0
0
0
0
0
0
0
0
0
0
0
0
0
0
0
0
0
0
0
0
0
0
0
0
0
0
0
0
0
0
0
0
0
0
0
0
0
0
0
0
0
0
0
0
0
0
0
0
0
0
0
0
0
0
0
0
0
0
0
0
0
0
0
0
0
0
0
0
0
0
0
0
0
0
0
0
0
0
0
0
0
0
0
0
0
0
0
0
0
0
0
0
0
0
0
0
0
0
0
0
0
0
0
0
0
0
0
0
0
0
0
0
0
0
0
0
0
0
0
0
0
0
0
0
0
0
0
0
0
0
0
0
0
0
0
0
0
0
0
0
0
0
0
0
0
0
0
0
0
0
0
0
0
0
0
0
0
0
0
0
0
0
0
0
0
0
0
0
0
0
0
0
0
0
0
0
0
0
0
0
0
0
0
0
0
0
0
0
0
0
0
0
0
0
0
0
0
0
0
0
0
0
0
0
0
0
0
0
0
0
0
0
0
0
0
0
0
0
0
0
0
0
0
0
0
0
0
0
0
0
0
0
0
0
0
0
0
0
0
0
0
0
0
0
0
0
0
0
0
0
0
0
0
0
0
0
0
0
0
0
0
0
0
0
0
0
0
0
0
0
0
0
0
0
0
0
0
0
0
0
0
0
0
0
0
0
0
0
0
0
0
0
0
0
0
0
0
0
0
0
0
0
0
0
0
0
0
0
0
0
0
0
0
0
0
0
0
0
0
0
0
0
0
0
0
0
0
0
0
0
0
0
0
0
0
0
0
0
0
0
0
0
0
0
0
0
0
0
0
0
0
0
0
0
0
0
0
0
0
0
0
0
0
0
0
0
0
0
0
0
0
0
0
0
0
0
0
0
0
0
0
0
0
0
0
0
0
0
0
0
0
0
0
0
0
0
0
0
0
0
0
0
0
0
0
0
0
0
0
0
0
0
0
0
0
0
0
0
0
0
0
0
0
0
0
0
0
0
0
0
0
0
0
0
0
0
0
0
0
0
0
0
0
0
0
0
0
0
0
0
0
0
0
0
0
0
0
0
0
0
0
0
0
0
0
0
0
0
0
0
0
0
0
0
0
0
0
0
0
0
0
0
0
0
0
0
0
0
0
0
0
0
0
0
0
0
0
0
0
0
0
0
0
0
0
0
0
0
0
0
0
0
0
0
0
0
0
0
0
0
0
0
0
0
0
0
0
0
0
0
0
0
0
0
0
0
0
0
0
0
0
0
0
0
0
0
0
0
0
0
0
0
0
0
0
0
0
0
0
0
0
0
0
0
0
0
0
0
0
0
0
0
0
0
0
0
0
0
0
0
0
0
0
0
0
0
0
0
0
0
0
0
0
0
0
0
0
0
0
0
0
0
0
0
0
0
0
0
0
0
0
0
0
0
0
0
0
0
0
0
0
0
0
0
0
0
0
0
0
0
0
0
0
0
0
0
0
0
0
0
0
0
0
0
0
0
0
0
0
0
0
0
0
0
0
0
0
0
0
0
0
0
0
0
0
0
0
0
0
0
0
0
0
0
0
0
0
0
0
0
0
0
0
0
0
0
0
0
0
0
0
0
0
0
0
0
0
0
0
0
0
0
0
0
0
0
0
0
0
0
0
0
0
0
0
0
0
0
0
0
0
0
0
0
0
0
0
0
0
0
0
0
0
0
0
0
0
0
0
0
0
0
0
0
0
0
0
0
0
0
0
0
0
0
0
0
0
0
0
0
0
0
0
0
0
0
0
0
0
0
0
0
0
0
0
0
0
0
0
0
0
0
0
0
0
0
0
0
0
0
0
0
0
0
0
0
0
0
0
0
0
0
0
0
0
0
0
0
0
0
0
0
0
0
0
0
0
0
0
0
0
0
0
0
0
0
0
0
0
0
0
0
0
0
0
0
0
0
0
0
0
0
0
0
0
0
0
0
0
0
0
0
0
0
0
0
0
0
0
0
0
0
0
0
0
0
0
0
0
0
0
0
0
0
0
0
0
0
0
0
0
0
0
0
0
0
0
0
0
0
0
0
0
0
0
0
0
0
0
0
0
0
0
0
0
0
0
0
0
0
0
0
0
0
0
0
0
0
0
0
0
0
0
0
0
0
0
0
0
0
0
0
0
0
0
0
0
0
0
0
0
0
0
0
0
0
0
0
0
0
0
0
0
0
0
0
0
0
0
0
0
0
0
0
0
0
0
0
0
0
0
0
0
0
0
0
0
0
0
0
0
0
0
0
0
0
0
0
0
0
0
0
0
0
0
0
0
0
0
0
0
0
0
0
0
0
0
0
0
0
0
0
0
0
0
0
0
0
0
0
0
0
0
0
0
0
0
0
0
0
0
0
0
0
0
0
0
0
0
0
0
0
0
0
0
0
0
0
0
0
0
0
0
0
0
0
0
0
0
0
0
0
0
0
0
0
0
0
0
0
0
0
0
0
0
0
0
0
0
0
0
0
0
0
0
0
0
0
0
0
0
0
0
0
0
0
0
0
0
0
0
0
0
0
0
0
0
0
0
0
0
0
0
0
0
0
0
0
0
0
0
0
0
0
0
0
0
0
0
0
0
0
0
0
0
0
0
0
0
0
0
0
0
0
0
0
0
0
0
0
0
0
0
0
0
0
0
0
0
0
0
0
0
0
0
0
0
0
0
0
0
0
0
0
0
0
0
0
0
0
0
0
0
0
0
0
0
0
0
0
0
0
0
0
0
0
0
0
0
0
0
0
0
0
0
0
0
0
0
0
0
0
0
0
0
0
0
0
0
0
0
0
0
0
0
0
0
0
0
0
0
0
0
0
0
0
0
0
0
0
0
0
0
0
0
0
0
0
0
0
0
0
0
0
0
0
0
0
0
0
0
0
0
0
0
0
0
0
0
0
0
0
0
0
0
0
0
0
0
0
0
0
0
0
0
0
0
0
0
0
0
0
0
0
0
0
0
0
0
0
0
0
0
0
0
0
0
0
0
0
0
0
0
0
0
0
0
0
0
0
0
0
0
0
0
0
0
0
0
0
0
0
0
0
0
0
0
0
0
0
0
0
0
0
0
0
0
0
0
0
0
0
0
0
0
0
0
0
0
0
0
0
0
0
0
0
0
0
0
0
0
0
0
0
0
0
0
0
0
0
0
0
0
0
0
0
0
0
0
0
0
0
0
0
0
0
0
0
0
0
0
0
0
0
0
0
0
0
0
0
0
0
0
0
0
0
0
0
0
0
0
0
0
0
0
0
0
0
0
0
0
0
0
0
0
0
0
0
0
0
0
0
0
0
0
0
0
0
0
0
0
0
0
0
0
0
0
0
0
0
0
0
0
0
0
0
0
0
0
0
0
0
0
0
0
0
0
0
0
0
0
0
0
0
0
0
0
0
0
0
0
0
0
0
0
0
0
0
0
0
0
0
0
0
0
0
0
0
0
0
0
0
0
0
0
0
0
0
0
0
0
0
0
0
0
0
0
0
0
0
0
0
0
0
0
0
0
0
0
0
0
0
0
0
0
0
0
0
0
0
0
0
0
0
0
0
0
0
0
0
0
0
0
0
0
0
0
0
0
0
0
0
0
0
0
0
0
0
0
0
0
0
0
0
0
0
0
0
0
0
0
0
0
0
0
0
0
0
0
0
0
0
0
0
0
0
0
0
0
0
0
0
0
0
0
0
0
0
0
0
0
0
0
0
0
0
0
0
0
0
0
0
0
0
0
0
0
0
0
0
0
0
0
0
0
0
0
0
0
0
0
0
0
0
0
0
0
0
0
0
0
0
0
0
0
0
0
0
0
0
0
0
0
0
0
0
0
0
0
0
0
0
0
0
0
0
0
0
0
0
0
0
0
0
0
0
0
0
0
0
0
0
0
0
0
0
0
0
0
0
0
0
0
0
0
0
0
0
0
0
0
0
0
0
0
0
0
0
0
0
0
0
0
0
0
0
0
0
0
0
0
0
0
0
0
0
0
0
0
0
0
0
0
0
0
0
0
0
0
0
0
0
0
0
0
0
0
0
0
0
0
0
0
0
0
0
0
0
0
0
0
0
0
0
0
0
0
0
0
0
0
0
0
0
0
0
0
0
0
0
0
0
0
0
0
0
0
0
0
0
0
0
0
0
0
0
0
0
0
0
0
0
0
0
0
0
0
0
0
0
0
0
0
0
0
0
0
0
0
0
0
0
0
0
0
0
0
0
0
0
0
0
0
0
0
0
0
0
0
0
0
0
0
0
0
0
0
0
0
0
0
0
0
0
0
0
0
0
0
0
0
0
0
0
0
0
0
0
0
0
0
0
0
0
0
0
0
0
0
0
0
0
0
0
0
0
0
0
0
0
0
0
0
0
0
0
0
0
0
0
0
0
0
0
0
0
0
0
0
0
0
0
0
0
0
0
0
0
0
0
0
0
0
0
0
0
0
0
0
0
0
0
