0
1
38
0
1
2
39
1
2
3
40
2
3
4
41
3
4
5
42
4
5
6
43
5
6
7
44
6
7
8
45
7
8
9
46
8
9
10
47
9
10
11
48
10
11
12
49
11
12
13
50
12
13
14
51
13
14
15
52
14
15
16
53
15
16
17
54
16
17
18
55
17
18
19
56
18
19
20
57
19
20
21
58
20
21
22
59
21
22
23
60
22
23
24
61
23
24
25
62
24
25
26
63
25
26
27
64
26
27
28
65
27
28
29
66
28
29
30
67
29
30
31
68
30
31
32
69
31
32
33
70
32
33
34
71
33
34
35
72
34
35
36
73
35
36
37
74
36
37
75
0
38
39
76
1
38
39
40
77
2
39
40
41
78
3
40
41
42
79
4
41
42
43
80
5
42
43
44
81
6
43
44
45
82
7
44
45
46
83
8
45
46
47
84
9
46
47
48
85
10
47
48
49
86
11
48
49
50
87
12
49
50
51
88
13
50
51
52
89
14
51
52
53
90
15
52
53
54
91
16
53
54
55
92
17
54
55
56
93
18
55
56
57
94
19
56
57
58
95
20
57
58
59
96
21
58
59
60
97
22
59
60
61
98
23
60
61
62
99
24
61
62
63
100
25
62
63
64
101
26
63
64
65
102
27
64
65
66
103
28
65
66
67
104
29
66
67
68
105
30
67
68
69
106
31
68
69
70
107
32
69
70
71
108
33
70
71
72
109
34
71
72
73
110
35
72
73
74
111
36
73
74
75
112
37
74
75
113
38
76
77
114
39
76
77
78
115
40
77
78
79
116
41
78
79
80
117
42
79
80
81
118
43
80
81
82
119
44
81
82
83
120
45
82
83
84
121
46
83
84
85
122
47
84
85
86
123
48
85
86
87
124
49
86
87
88
125
50
87
88
89
126
51
88
89
90
127
52
89
90
91
128
53
90
91
92
129
54
91
92
93
130
55
92
93
94
131
56
93
94
95
132
57
94
95
96
133
58
95
96
97
134
59
96
97
98
135
60
97
98
99
136
61
98
99
100
137
62
99
100
101
138
63
100
101
102
139
64
101
102
103
140
65
102
103
104
141
66
103
104
105
142
67
104
105
106
143
68
105
106
107
144
69
106
107
108
145
70
107
108
109
146
71
108
109
110
147
72
109
110
111
148
73
110
111
112
149
74
111
112
113
150
75
112
113
151
76
114
115
152
77
114
115
116
153
78
115
116
117
154
79
116
117
118
155
80
117
118
119
156
81
118
119
120
157
82
119
120
121
158
83
120
121
122
159
84
121
122
123
160
85
122
123
124
161
86
123
124
125
162
87
124
125
126
163
88
125
126
127
164
89
126
127
128
165
90
127
128
129
166
91
128
129
130
167
92
129
130
131
168
93
130
131
132
169
94
131
132
133
170
95
132
133
134
171
96
133
134
135
172
97
134
135
136
173
98
135
136
137
174
99
136
137
138
175
100
137
138
139
176
101
138
139
140
177
102
139
140
141
178
103
140
141
142
179
104
141
142
143
180
105
142
143
144
181
106
143
144
145
182
107
144
145
146
183
108
145
146
147
184
109
146
147
148
185
110
147
148
149
186
111
148
149
150
187
112
149
150
151
188
113
150
151
189
114
152
153
190
115
152
153
154
191
116
153
154
155
192
117
154
155
156
193
118
155
156
157
194
119
156
157
158
195
120
157
158
159
196
121
158
159
160
197
122
159
160
161
198
123
160
161
162
199
124
161
162
163
200
125
162
163
164
201
126
163
164
165
202
127
164
165
166
203
128
165
166
167
204
129
166
167
168
205
130
167
168
169
206
131
168
169
170
207
132
169
170
171
208
133
170
171
172
209
134
171
172
173
210
135
172
173
174
211
136
173
174
175
212
137
174
175
176
213
138
175
176
177
214
139
176
177
178
215
140
177
178
179
216
141
178
179
180
217
142
179
180
181
218
143
180
181
182
219
144
181
182
183
220
145
182
183
184
221
146
183
184
185
222
147
184
185
186
223
148
185
186
187
224
149
186
187
188
225
150
187
188
189
226
151
188
189
227
152
190
191
228
153
190
191
192
229
154
191
192
193
230
155
192
193
194
231
156
193
194
195
232
157
194
195
196
233
158
195
196
197
234
159
196
197
198
235
160
197
198
199
236
161
198
199
200
237
162
199
200
201
238
163
200
201
202
239
164
201
202
203
240
165
202
203
204
241
166
203
204
205
242
167
204
205
206
243
168
205
206
207
244
169
206
207
208
245
170
207
208
209
246
171
208
209
210
247
172
209
210
211
248
173
210
211
212
249
174
211
212
213
250
175
212
213
214
251
176
213
214
215
252
177
214
215
216
253
178
215
216
217
254
179
216
217
218
255
180
217
218
219
256
181
218
219
220
257
182
219
220
221
258
183
220
221
222
259
184
221
222
223
260
185
222
223
224
261
186
223
224
225
262
187
224
225
226
263
188
225
226
227
264
189
226
227
265
190
228
229
266
191
228
229
230
267
192
229
230
231
268
193
230
231
232
269
194
231
232
233
270
195
232
233
234
271
196
233
234
235
272
197
234
235
236
273
198
235
236
237
274
199
236
237
238
275
200
237
238
239
276
201
238
239
240
277
202
239
240
241
278
203
240
241
242
279
204
241
242
243
280
205
242
243
244
281
206
243
244
245
282
207
244
245
246
283
208
245
246
247
284
209
246
247
248
285
210
247
248
249
286
211
248
249
250
287
212
249
250
251
288
213
250
251
252
289
214
251
252
253
290
215
252
253
254
291
216
253
254
255
292
217
254
255
256
293
218
255
256
257
294
219
256
257
258
295
220
257
258
259
296
221
258
259
260
297
222
259
260
261
298
223
260
261
262
299
224
261
262
263
300
225
262
263
264
301
226
263
264
265
302
227
264
265
303
228
266
267
304
229
266
267
268
305
230
267
268
269
306
231
268
269
270
307
232
269
270
271
308
233
270
271
272
309
234
271
272
273
310
235
272
273
274
311
236
273
274
275
312
237
274
275
276
313
238
275
276
277
314
239
276
277
278
315
240
277
278
279
316
241
278
279
280
317
242
279
280
281
318
243
280
281
282
319
244
281
282
283
320
245
282
283
284
321
246
283
284
285
322
247
284
285
286
323
248
285
286
287
324
249
286
287
288
325
250
287
288
289
326
251
288
289
290
327
252
289
290
291
328
253
290
291
292
329
254
291
292
293
330
255
292
293
294
331
256
293
294
295
332
257
294
295
296
333
258
295
296
297
334
259
296
297
298
335
260
297
298
299
336
261
298
299
300
337
262
299
300
301
338
263
300
301
302
339
264
301
302
303
340
265
302
303
341
266
304
305
342
267
304
305
306
343
268
305
306
307
344
269
306
307
308
345
270
307
308
309
346
271
308
309
310
347
272
309
310
311
348
273
310
311
312
349
274
311
312
313
350
275
312
313
314
351
276
313
314
315
352
277
314
315
316
353
278
315
316
317
354
279
316
317
318
355
280
317
318
319
356
281
318
319
320
357
282
319
320
321
358
283
320
321
322
359
284
321
322
323
360
285
322
323
324
361
286
323
324
325
362
287
324
325
326
363
288
325
326
327
364
289
326
327
328
365
290
327
328
329
366
291
328
329
330
367
292
329
330
331
368
293
330
331
332
369
294
331
332
333
370
295
332
333
334
371
296
333
334
335
372
297
334
335
336
373
298
335
336
337
374
299
336
337
338
375
300
337
338
339
376
301
338
339
340
377
302
339
340
341
378
303
340
341
379
304
342
343
380
305
342
343
344
381
306
343
344
345
382
307
344
345
346
383
308
345
346
347
384
309
346
347
348
385
310
347
348
349
386
311
348
349
350
387
312
349
350
351
388
313
350
351
352
389
314
351
352
353
390
315
352
353
354
391
316
353
354
355
392
317
354
355
356
393
318
355
356
357
394
319
356
357
358
395
320
357
358
359
396
321
358
359
360
397
322
359
360
361
398
323
360
361
362
399
324
361
362
363
400
325
362
363
364
401
326
363
364
365
402
327
364
365
366
403
328
365
366
367
404
329
366
367
368
405
330
367
368
369
406
331
368
369
370
407
332
369
370
371
408
333
370
371
372
409
334
371
372
373
410
335
372
373
374
411
336
373
374
375
412
337
374
375
376
413
338
375
376
377
414
339
376
377
378
415
340
377
378
379
416
341
378
379
417
342
380
381
418
343
380
381
382
419
344
381
382
383
420
345
382
383
384
421
346
383
384
385
422
347
384
385
386
423
348
385
386
387
424
349
386
387
388
425
350
387
388
389
426
351
388
389
390
427
352
389
390
391
428
353
390
391
392
429
354
391
392
393
430
355
392
393
394
431
356
393
394
395
432
357
394
395
396
433
358
395
396
397
434
359
396
397
398
435
360
397
398
399
436
361
398
399
400
437
362
399
400
401
438
363
400
401
402
439
364
401
402
403
440
365
402
403
404
441
366
403
404
405
442
367
404
405
406
443
368
405
406
407
444
369
406
407
408
445
370
407
408
409
446
371
408
409
410
447
372
409
410
411
448
373
410
411
412
449
374
411
412
413
450
375
412
413
414
451
376
413
414
415
452
377
414
415
416
453
378
415
416
417
454
379
416
417
455
380
418
419
456
381
418
419
420
457
382
419
420
421
458
383
420
421
422
459
384
421
422
423
460
385
422
423
424
461
386
423
424
425
462
387
424
425
426
463
388
425
426
427
464
389
426
427
428
465
390
427
428
429
466
391
428
429
430
467
392
429
430
431
468
393
430
431
432
469
394
431
432
433
470
395
432
433
434
471
396
433
434
435
472
397
434
435
436
473
398
435
436
437
474
399
436
437
438
475
400
437
438
439
476
401
438
439
440
477
402
439
440
441
478
403
440
441
442
479
404
441
442
443
480
405
442
443
444
481
406
443
444
445
482
407
444
445
446
483
408
445
446
447
484
409
446
447
448
485
410
447
448
449
486
411
448
449
450
487
412
449
450
451
488
413
450
451
452
489
414
451
452
453
490
415
452
453
454
491
416
453
454
455
492
417
454
455
493
418
456
457
494
419
456
457
458
495
420
457
458
459
496
421
458
459
460
497
422
459
460
461
498
423
460
461
462
499
424
461
462
463
500
425
462
463
464
501
426
463
464
465
502
427
464
465
466
503
428
465
466
467
504
429
466
467
468
505
430
467
468
469
506
431
468
469
470
507
432
469
470
471
508
433
470
471
472
509
434
471
472
473
510
435
472
473
474
511
436
473
474
475
512
437
474
475
476
513
438
475
476
477
514
439
476
477
478
515
440
477
478
479
516
441
478
479
480
517
442
479
480
481
518
443
480
481
482
519
444
481
482
483
520
445
482
483
484
521
446
483
484
485
522
447
484
485
486
523
448
485
486
487
524
449
486
487
488
525
450
487
488
489
526
451
488
489
490
527
452
489
490
491
528
453
490
491
492
529
454
491
492
493
530
455
492
493
531
456
494
495
532
457
494
495
496
533
458
495
496
497
534
459
496
497
498
535
460
497
498
499
536
461
498
499
500
537
462
499
500
501
538
463
500
501
502
539
464
501
502
503
540
465
502
503
504
541
466
503
504
505
542
467
504
505
506
543
468
505
506
507
544
469
506
507
508
545
470
507
508
509
546
471
508
509
510
547
472
509
510
511
548
473
510
511
512
549
474
511
512
513
550
475
512
513
514
551
476
513
514
515
552
477
514
515
516
553
478
515
516
517
554
479
516
517
518
555
480
517
518
519
556
481
518
519
520
557
482
519
520
521
558
483
520
521
522
559
484
521
522
523
560
485
522
523
524
561
486
523
524
525
562
487
524
525
526
563
488
525
526
527
564
489
526
527
528
565
490
527
528
529
566
491
528
529
530
567
492
529
530
531
568
493
530
531
569
494
532
533
570
495
532
533
534
571
496
533
534
535
572
497
534
535
536
573
498
535
536
537
574
499
536
537
538
575
500
537
538
539
576
501
538
539
540
577
502
539
540
541
578
503
540
541
542
579
504
541
542
543
580
505
542
543
544
581
506
543
544
545
582
507
544
545
546
583
508
545
546
547
584
509
546
547
548
585
510
547
548
549
586
511
548
549
550
587
512
549
550
551
588
513
550
551
552
589
514
551
552
553
590
515
552
553
554
591
516
553
554
555
592
517
554
555
556
593
518
555
556
557
594
519
556
557
558
595
520
557
558
559
596
521
558
559
560
597
522
559
560
561
598
523
560
561
562
599
524
561
562
563
600
525
562
563
564
601
526
563
564
565
602
527
564
565
566
603
528
565
566
567
604
529
566
567
568
605
530
567
568
569
606
531
568
569
607
532
570
571
608
533
570
571
572
609
534
571
572
573
610
535
572
573
574
611
536
573
574
575
612
537
574
575
576
613
538
575
576
577
614
539
576
577
578
615
540
577
578
579
616
541
578
579
580
617
542
579
580
581
618
543
580
581
582
619
544
581
582
583
620
545
582
583
584
621
546
583
584
585
622
547
584
585
586
623
548
585
586
587
624
549
586
587
588
625
550
587
588
589
626
551
588
589
590
627
552
589
590
591
628
553
590
591
592
629
554
591
592
593
630
555
592
593
594
631
556
593
594
595
632
557
594
595
596
633
558
595
596
597
634
559
596
597
598
635
560
597
598
599
636
561
598
599
600
637
562
599
600
601
638
563
600
601
602
639
564
601
602
603
640
565
602
603
604
641
566
603
604
605
642
567
604
605
606
643
568
605
606
607
644
569
606
607
645
570
608
609
646
571
608
609
610
647
572
609
610
611
648
573
610
611
612
649
574
611
612
613
650
575
612
613
614
651
576
613
614
615
652
577
614
615
616
653
578
615
616
617
654
579
616
617
618
655
580
617
618
619
656
581
618
619
620
657
582
619
620
621
658
583
620
621
622
659
584
621
622
623
660
585
622
623
624
661
586
623
624
625
662
587
624
625
626
663
588
625
626
627
664
589
626
627
628
665
590
627
628
629
666
591
628
629
630
667
592
629
630
631
668
593
630
631
632
669
594
631
632
633
670
595
632
633
634
671
596
633
634
635
672
597
634
635
636
673
598
635
636
637
674
599
636
637
638
675
600
637
638
639
676
601
638
639
640
677
602
639
640
641
678
603
640
641
642
679
604
641
642
643
680
605
642
643
644
681
606
643
644
645
682
607
644
645
683
608
646
647
684
609
646
647
648
685
610
647
648
649
686
611
648
649
650
687
612
649
650
651
688
613
650
651
652
689
614
651
652
653
690
615
652
653
654
691
616
653
654
655
692
617
654
655
656
693
618
655
656
657
694
619
656
657
658
695
620
657
658
659
696
621
658
659
660
697
622
659
660
661
698
623
660
661
662
699
624
661
662
663
700
625
662
663
664
701
626
663
664
665
702
627
664
665
666
703
628
665
666
667
704
629
666
667
668
705
630
667
668
669
706
631
668
669
670
707
632
669
670
671
708
633
670
671
672
709
634
671
672
673
710
635
672
673
674
711
636
673
674
675
712
637
674
675
676
713
638
675
676
677
714
639
676
677
678
715
640
677
678
679
716
641
678
679
680
717
642
679
680
681
718
643
680
681
682
719
644
681
682
683
720
645
682
683
721
646
684
685
722
647
684
685
686
723
648
685
686
687
724
649
686
687
688
725
650
687
688
689
726
651
688
689
690
727
652
689
690
691
728
653
690
691
692
729
654
691
692
693
730
655
692
693
694
731
656
693
694
695
732
657
694
695
696
733
658
695
696
697
734
659
696
697
698
735
660
697
698
699
736
661
698
699
700
737
662
699
700
701
738
663
700
701
702
739
664
701
702
703
740
665
702
703
704
741
666
703
704
705
742
667
704
705
706
743
668
705
706
707
744
669
706
707
708
745
670
707
708
709
746
671
708
709
710
747
672
709
710
711
748
673
710
711
712
749
674
711
712
713
750
675
712
713
714
751
676
713
714
715
752
677
714
715
716
753
678
715
716
717
754
679
716
717
718
755
680
717
718
719
756
681
718
719
720
757
682
719
720
721
758
683
720
721
759
684
722
723
760
685
722
723
724
761
686
723
724
725
762
687
724
725
726
763
688
725
726
727
764
689
726
727
728
765
690
727
728
729
766
691
728
729
730
767
692
729
730
731
768
693
730
731
732
769
694
731
732
733
770
695
732
733
734
771
696
733
734
735
772
697
734
735
736
773
698
735
736
737
774
699
736
737
738
775
700
737
738
739
776
701
738
739
740
777
702
739
740
741
778
703
740
741
742
779
704
741
742
743
780
705
742
743
744
781
706
743
744
745
782
707
744
745
746
783
708
745
746
747
784
709
746
747
748
785
710
747
748
749
786
711
748
749
750
787
712
749
750
751
788
713
750
751
752
789
714
751
752
753
790
715
752
753
754
791
716
753
754
755
792
717
754
755
756
793
718
755
756
757
794
719
756
757
758
795
720
757
758
759
796
721
758
759
797
722
760
761
798
723
760
761
762
799
724
761
762
763
800
725
762
763
764
801
726
763
764
765
802
727
764
765
766
803
728
765
766
767
804
729
766
767
768
805
730
767
768
769
806
731
768
769
770
807
732
769
770
771
808
733
770
771
772
809
734
771
772
773
810
735
772
773
774
811
736
773
774
775
812
737
774
775
776
813
738
775
776
777
814
739
776
777
778
815
740
777
778
779
816
741
778
779
780
817
742
779
780
781
818
743
780
781
782
819
744
781
782
783
820
745
782
783
784
821
746
783
784
785
822
747
784
785
786
823
748
785
786
787
824
749
786
787
788
825
750
787
788
789
826
751
788
789
790
827
752
789
790
791
828
753
790
791
792
829
754
791
792
793
830
755
792
793
794
831
756
793
794
795
832
757
794
795
796
833
758
795
796
797
834
759
796
797
835
760
798
799
836
761
798
799
800
837
762
799
800
801
838
763
800
801
802
839
764
801
802
803
840
765
802
803
804
841
766
803
804
805
842
767
804
805
806
843
768
805
806
807
844
769
806
807
808
845
770
807
808
809
846
771
808
809
810
847
772
809
810
811
848
773
810
811
812
849
774
811
812
813
850
775
812
813
814
851
776
813
814
815
852
777
814
815
816
853
778
815
816
817
854
779
816
817
818
855
780
817
818
819
856
781
818
819
820
857
782
819
820
821
858
783
820
821
822
859
784
821
822
823
860
785
822
823
824
861
786
823
824
825
862
787
824
825
826
863
788
825
826
827
864
789
826
827
828
865
790
827
828
829
866
791
828
829
830
867
792
829
830
831
868
793
830
831
832
869
794
831
832
833
870
795
832
833
834
871
796
833
834
835
872
797
834
835
873
798
836
837
874
799
836
837
838
875
800
837
838
839
876
801
838
839
840
877
802
839
840
841
878
803
840
841
842
879
804
841
842
843
880
805
842
843
844
881
806
843
844
845
882
807
844
845
846
883
808
845
846
847
884
809
846
847
848
885
810
847
848
849
886
811
848
849
850
887
812
849
850
851
888
813
850
851
852
889
814
851
852
853
890
815
852
853
854
891
816
853
854
855
892
817
854
855
856
893
818
855
856
857
894
819
856
857
858
895
820
857
858
859
896
821
858
859
860
897
822
859
860
861
898
823
860
861
862
899
824
861
862
863
900
825
862
863
864
901
826
863
864
865
902
827
864
865
866
903
828
865
866
867
904
829
866
867
868
905
830
867
868
869
906
831
868
869
870
907
832
869
870
871
908
833
870
871
872
909
834
871
872
873
910
835
872
873
911
836
874
875
912
837
874
875
876
913
838
875
876
877
914
839
876
877
878
915
840
877
878
879
916
841
878
879
880
917
842
879
880
881
918
843
880
881
882
919
844
881
882
883
920
845
882
883
884
921
846
883
884
885
922
847
884
885
886
923
848
885
886
887
924
849
886
887
888
925
850
887
888
889
926
851
888
889
890
927
852
889
890
891
928
853
890
891
892
929
854
891
892
893
930
855
892
893
894
931
856
893
894
895
932
857
894
895
896
933
858
895
896
897
934
859
896
897
898
935
860
897
898
899
936
861
898
899
900
937
862
899
900
901
938
863
900
901
902
939
864
901
902
903
940
865
902
903
904
941
866
903
904
905
942
867
904
905
906
943
868
905
906
907
944
869
906
907
908
945
870
907
908
909
946
871
908
909
910
947
872
909
910
911
948
873
910
911
949
874
912
913
950
875
912
913
914
951
876
913
914
915
952
877
914
915
916
953
878
915
916
917
954
879
916
917
918
955
880
917
918
919
956
881
918
919
920
957
882
919
920
921
958
883
920
921
922
959
884
921
922
923
960
885
922
923
924
961
886
923
924
925
962
887
924
925
926
963
888
925
926
927
964
889
926
927
928
965
890
927
928
929
966
891
928
929
930
967
892
929
930
931
968
893
930
931
932
969
894
931
932
933
970
895
932
933
934
971
896
933
934
935
972
897
934
935
936
973
898
935
936
937
974
899
936
937
938
975
900
937
938
939
976
901
938
939
940
977
902
939
940
941
978
903
940
941
942
979
904
941
942
943
980
905
942
943
944
981
906
943
944
945
982
907
944
945
946
983
908
945
946
947
984
909
946
947
948
985
910
947
948
949
986
911
948
949
987
912
950
951
988
913
950
951
952
989
914
951
952
953
990
915
952
953
954
991
916
953
954
955
992
917
954
955
956
993
918
955
956
957
994
919
956
957
958
995
920
957
958
959
996
921
958
959
960
997
922
959
960
961
998
923
960
961
962
999
924
961
962
963
1000
925
962
963
964
1001
926
963
964
965
1002
927
964
965
966
1003
928
965
966
967
1004
929
966
967
968
1005
930
967
968
969
1006
931
968
969
970
1007
932
969
970
971
1008
933
970
971
972
1009
934
971
972
973
1010
935
972
973
974
1011
936
973
974
975
1012
937
974
975
976
1013
938
975
976
977
1014
939
976
977
978
1015
940
977
978
979
1016
941
978
979
980
1017
942
979
980
981
1018
943
980
981
982
1019
944
981
982
983
1020
945
982
983
984
1021
946
983
984
985
1022
947
984
985
986
1023
948
985
986
987
1024
949
986
987
1025
950
988
989
1026
951
988
989
990
1027
952
989
990
991
1028
953
990
991
992
1029
954
991
992
993
1030
955
992
993
994
1031
956
993
994
995
1032
957
994
995
996
1033
958
995
996
997
1034
959
996
997
998
1035
960
997
998
999
1036
961
998
999
1000
1037
962
999
1000
1001
1038
963
1000
1001
1002
1039
964
1001
1002
1003
1040
965
1002
1003
1004
1041
966
1003
1004
1005
1042
967
1004
1005
1006
1043
968
1005
1006
1007
1044
969
1006
1007
1008
1045
970
1007
1008
1009
1046
971
1008
1009
1010
1047
972
1009
1010
1011
1048
973
1010
1011
1012
1049
974
1011
1012
1013
1050
975
1012
1013
1014
1051
976
1013
1014
1015
1052
977
1014
1015
1016
1053
978
1015
1016
1017
1054
979
1016
1017
1018
1055
980
1017
1018
1019
1056
981
1018
1019
1020
1057
982
1019
1020
1021
1058
983
1020
1021
1022
1059
984
1021
1022
1023
1060
985
1022
1023
1024
1061
986
1023
1024
1025
1062
987
1024
1025
1063
988
1026
1027
1064
989
1026
1027
1028
1065
990
1027
1028
1029
1066
991
1028
1029
1030
1067
992
1029
1030
1031
1068
993
1030
1031
1032
1069
994
1031
1032
1033
1070
995
1032
1033
1034
1071
996
1033
1034
1035
1072
997
1034
1035
1036
1073
998
1035
1036
1037
1074
999
1036
1037
1038
1075
1000
1037
1038
1039
1076
1001
1038
1039
1040
1077
1002
1039
1040
1041
1078
1003
1040
1041
1042
1079
1004
1041
1042
1043
1080
1005
1042
1043
1044
1081
1006
1043
1044
1045
1082
1007
1044
1045
1046
1083
1008
1045
1046
1047
1084
1009
1046
1047
1048
1085
1010
1047
1048
1049
1086
1011
1048
1049
1050
1087
1012
1049
1050
1051
1088
1013
1050
1051
1052
1089
1014
1051
1052
1053
1090
1015
1052
1053
1054
1091
1016
1053
1054
1055
1092
1017
1054
1055
1056
1093
1018
1055
1056
1057
1094
1019
1056
1057
1058
1095
1020
1057
1058
1059
1096
1021
1058
1059
1060
1097
1022
1059
1060
1061
1098
1023
1060
1061
1062
1099
1024
1061
1062
1063
1100
1025
1062
1063
1101
1026
1064
1065
1102
1027
1064
1065
1066
1103
1028
1065
1066
1067
1104
1029
1066
1067
1068
1105
1030
1067
1068
1069
1106
1031
1068
1069
1070
1107
1032
1069
1070
1071
1108
1033
1070
1071
1072
1109
1034
1071
1072
1073
1110
1035
1072
1073
1074
1111
1036
1073
1074
1075
1112
1037
1074
1075
1076
1113
1038
1075
1076
1077
1114
1039
1076
1077
1078
1115
1040
1077
1078
1079
1116
1041
1078
1079
1080
1117
1042
1079
1080
1081
1118
1043
1080
1081
1082
1119
1044
1081
1082
1083
1120
1045
1082
1083
1084
1121
1046
1083
1084
1085
1122
1047
1084
1085
1086
1123
1048
1085
1086
1087
1124
1049
1086
1087
1088
1125
1050
1087
1088
1089
1126
1051
1088
1089
1090
1127
1052
1089
1090
1091
1128
1053
1090
1091
1092
1129
1054
1091
1092
1093
1130
1055
1092
1093
1094
1131
1056
1093
1094
1095
1132
1057
1094
1095
1096
1133
1058
1095
1096
1097
1134
1059
1096
1097
1098
1135
1060
1097
1098
1099
1136
1061
1098
1099
1100
1137
1062
1099
1100
1101
1138
1063
1100
1101
1139
1064
1102
1103
1140
1065
1102
1103
1104
1141
1066
1103
1104
1105
1142
1067
1104
1105
1106
1143
1068
1105
1106
1107
1144
1069
1106
1107
1108
1145
1070
1107
1108
1109
1146
1071
1108
1109
1110
1147
1072
1109
1110
1111
1148
1073
1110
1111
1112
1149
1074
1111
1112
1113
1150
1075
1112
1113
1114
1151
1076
1113
1114
1115
1152
1077
1114
1115
1116
1153
1078
1115
1116
1117
1154
1079
1116
1117
1118
1155
1080
1117
1118
1119
1156
1081
1118
1119
1120
1157
1082
1119
1120
1121
1158
1083
1120
1121
1122
1159
1084
1121
1122
1123
1160
1085
1122
1123
1124
1161
1086
1123
1124
1125
1162
1087
1124
1125
1126
1163
1088
1125
1126
1127
1164
1089
1126
1127
1128
1165
1090
1127
1128
1129
1166
1091
1128
1129
1130
1167
1092
1129
1130
1131
1168
1093
1130
1131
1132
1169
1094
1131
1132
1133
1170
1095
1132
1133
1134
1171
1096
1133
1134
1135
1172
1097
1134
1135
1136
1173
1098
1135
1136
1137
1174
1099
1136
1137
1138
1175
1100
1137
1138
1139
1176
1101
1138
1139
1177
1102
1140
1141
1178
1103
1140
1141
1142
1179
1104
1141
1142
1143
1180
1105
1142
1143
1144
1181
1106
1143
1144
1145
1182
1107
1144
1145
1146
1183
1108
1145
1146
1147
1184
1109
1146
1147
1148
1185
1110
1147
1148
1149
1186
1111
1148
1149
1150
1187
1112
1149
1150
1151
1188
1113
1150
1151
1152
1189
1114
1151
1152
1153
1190
1115
1152
1153
1154
1191
1116
1153
1154
1155
1192
1117
1154
1155
1156
1193
1118
1155
1156
1157
1194
1119
1156
1157
1158
1195
1120
1157
1158
1159
1196
1121
1158
1159
1160
1197
1122
1159
1160
1161
1198
1123
1160
1161
1162
1199
1124
1161
1162
1163
1200
1125
1162
1163
1164
1201
1126
1163
1164
1165
1202
1127
1164
1165
1166
1203
1128
1165
1166
1167
1204
1129
1166
1167
1168
1205
1130
1167
1168
1169
1206
1131
1168
1169
1170
1207
1132
1169
1170
1171
1208
1133
1170
1171
1172
1209
1134
1171
1172
1173
1210
1135
1172
1173
1174
1211
1136
1173
1174
1175
1212
1137
1174
1175
1176
1213
1138
1175
1176
1177
1214
1139
1176
1177
1215
1140
1178
1179
1216
1141
1178
1179
1180
1217
1142
1179
1180
1181
1218
1143
1180
1181
1182
1219
1144
1181
1182
1183
1220
1145
1182
1183
1184
1221
1146
1183
1184
1185
1222
1147
1184
1185
1186
1223
1148
1185
1186
1187
1224
1149
1186
1187
1188
1225
1150
1187
1188
1189
1226
1151
1188
1189
1190
1227
1152
1189
1190
1191
1228
1153
1190
1191
1192
1229
1154
1191
1192
1193
1230
1155
1192
1193
1194
1231
1156
1193
1194
1195
1232
1157
1194
1195
1196
1233
1158
1195
1196
1197
1234
1159
1196
1197
1198
1235
1160
1197
1198
1199
1236
1161
1198
1199
1200
1237
1162
1199
1200
1201
1238
1163
1200
1201
1202
1239
1164
1201
1202
1203
1240
1165
1202
1203
1204
1241
1166
1203
1204
1205
1242
1167
1204
1205
1206
1243
1168
1205
1206
1207
1244
1169
1206
1207
1208
1245
1170
1207
1208
1209
1246
1171
1208
1209
1210
1247
1172
1209
1210
1211
1248
1173
1210
1211
1212
1249
1174
1211
1212
1213
1250
1175
1212
1213
1214
1251
1176
1213
1214
1215
1252
1177
1214
1215
1253
1178
1216
1217
1254
1179
1216
1217
1218
1255
1180
1217
1218
1219
1256
1181
1218
1219
1220
1257
1182
1219
1220
1221
1258
1183
1220
1221
1222
1259
1184
1221
1222
1223
1260
1185
1222
1223
1224
1261
1186
1223
1224
1225
1262
1187
1224
1225
1226
1263
1188
1225
1226
1227
1264
1189
1226
1227
1228
1265
1190
1227
1228
1229
1266
1191
1228
1229
1230
1267
1192
1229
1230
1231
1268
1193
1230
1231
1232
1269
1194
1231
1232
1233
1270
1195
1232
1233
1234
1271
1196
1233
1234
1235
1272
1197
1234
1235
1236
1273
1198
1235
1236
1237
1274
1199
1236
1237
1238
1275
1200
1237
1238
1239
1276
1201
1238
1239
1240
1277
1202
1239
1240
1241
1278
1203
1240
1241
1242
1279
1204
1241
1242
1243
1280
1205
1242
1243
1244
1281
1206
1243
1244
1245
1282
1207
1244
1245
1246
1283
1208
1245
1246
1247
1284
1209
1246
1247
1248
1285
1210
1247
1248
1249
1286
1211
1248
1249
1250
1287
1212
1249
1250
1251
1288
1213
1250
1251
1252
1289
1214
1251
1252
1253
1290
1215
1252
1253
1291
1216
1254
1255
1292
1217
1254
1255
1256
1293
1218
1255
1256
1257
1294
1219
1256
1257
1258
1295
1220
1257
1258
1259
1296
1221
1258
1259
1260
1297
1222
1259
1260
1261
1298
1223
1260
1261
1262
1299
1224
1261
1262
1263
1300
1225
1262
1263
1264
1301
1226
1263
1264
1265
1302
1227
1264
1265
1266
1303
1228
1265
1266
1267
1304
1229
1266
1267
1268
1305
1230
1267
1268
1269
1306
1231
1268
1269
1270
1307
1232
1269
1270
1271
1308
1233
1270
1271
1272
1309
1234
1271
1272
1273
1310
1235
1272
1273
1274
1311
1236
1273
1274
1275
1312
1237
1274
1275
1276
1313
1238
1275
1276
1277
1314
1239
1276
1277
1278
1315
1240
1277
1278
1279
1316
1241
1278
1279
1280
1317
1242
1279
1280
1281
1318
1243
1280
1281
1282
1319
1244
1281
1282
1283
1320
1245
1282
1283
1284
1321
1246
1283
1284
1285
1322
1247
1284
1285
1286
1323
1248
1285
1286
1287
1324
1249
1286
1287
1288
1325
1250
1287
1288
1289
1326
1251
1288
1289
1290
1327
1252
1289
1290
1291
1328
1253
1290
1291
1329
1254
1292
1293
1330
1255
1292
1293
1294
1331
1256
1293
1294
1295
1332
1257
1294
1295
1296
1333
1258
1295
1296
1297
1334
1259
1296
1297
1298
1335
1260
1297
1298
1299
1336
1261
1298
1299
1300
1337
1262
1299
1300
1301
1338
1263
1300
1301
1302
1339
1264
1301
1302
1303
1340
1265
1302
1303
1304
1341
1266
1303
1304
1305
1342
1267
1304
1305
1306
1343
1268
1305
1306
1307
1344
1269
1306
1307
1308
1345
1270
1307
1308
1309
1346
1271
1308
1309
1310
1347
1272
1309
1310
1311
1348
1273
1310
1311
1312
1349
1274
1311
1312
1313
1350
1275
1312
1313
1314
1351
1276
1313
1314
1315
1352
1277
1314
1315
1316
1353
1278
1315
1316
1317
1354
1279
1316
1317
1318
1355
1280
1317
1318
1319
1356
1281
1318
1319
1320
1357
1282
1319
1320
1321
1358
1283
1320
1321
1322
1359
1284
1321
1322
1323
1360
1285
1322
1323
1324
1361
1286
1323
1324
1325
1362
1287
1324
1325
1326
1363
1288
1325
1326
1327
1364
1289
1326
1327
1328
1365
1290
1327
1328
1329
1366
1291
1328
1329
1367
1292
1330
1331
1368
1293
1330
1331
1332
1369
1294
1331
1332
1333
1370
1295
1332
1333
1334
1371
1296
1333
1334
1335
1372
1297
1334
1335
1336
1373
1298
1335
1336
1337
1374
1299
1336
1337
1338
1375
1300
1337
1338
1339
1376
1301
1338
1339
1340
1377
1302
1339
1340
1341
1378
1303
1340
1341
1342
1379
1304
1341
1342
1343
1380
1305
1342
1343
1344
1381
1306
1343
1344
1345
1382
1307
1344
1345
1346
1383
1308
1345
1346
1347
1384
1309
1346
1347
1348
1385
1310
1347
1348
1349
1386
1311
1348
1349
1350
1387
1312
1349
1350
1351
1388
1313
1350
1351
1352
1389
1314
1351
1352
1353
1390
1315
1352
1353
1354
1391
1316
1353
1354
1355
1392
1317
1354
1355
1356
1393
1318
1355
1356
1357
1394
1319
1356
1357
1358
1395
1320
1357
1358
1359
1396
1321
1358
1359
1360
1397
1322
1359
1360
1361
1398
1323
1360
1361
1362
1399
1324
1361
1362
1363
1400
1325
1362
1363
1364
1401
1326
1363
1364
1365
1402
1327
1364
1365
1366
1403
1328
1365
1366
1367
1404
1329
1366
1367
1405
1330
1368
1369
1406
1331
1368
1369
1370
1407
1332
1369
1370
1371
1408
1333
1370
1371
1372
1409
1334
1371
1372
1373
1410
1335
1372
1373
1374
1411
1336
1373
1374
1375
1412
1337
1374
1375
1376
1413
1338
1375
1376
1377
1414
1339
1376
1377
1378
1415
1340
1377
1378
1379
1416
1341
1378
1379
1380
1417
1342
1379
1380
1381
1418
1343
1380
1381
1382
1419
1344
1381
1382
1383
1420
1345
1382
1383
1384
1421
1346
1383
1384
1385
1422
1347
1384
1385
1386
1423
1348
1385
1386
1387
1424
1349
1386
1387
1388
1425
1350
1387
1388
1389
1426
1351
1388
1389
1390
1427
1352
1389
1390
1391
1428
1353
1390
1391
1392
1429
1354
1391
1392
1393
1430
1355
1392
1393
1394
1431
1356
1393
1394
1395
1432
1357
1394
1395
1396
1433
1358
1395
1396
1397
1434
1359
1396
1397
1398
1435
1360
1397
1398
1399
1436
1361
1398
1399
1400
1437
1362
1399
1400
1401
1438
1363
1400
1401
1402
1439
1364
1401
1402
1403
1440
1365
1402
1403
1404
1441
1366
1403
1404
1405
1442
1367
1404
1405
1443
1368
1406
1407
1369
1406
1407
1408
1370
1407
1408
1409
1371
1408
1409
1410
1372
1409
1410
1411
1373
1410
1411
1412
1374
1411
1412
1413
1375
1412
1413
1414
1376
1413
1414
1415
1377
1414
1415
1416
1378
1415
1416
1417
1379
1416
1417
1418
1380
1417
1418
1419
1381
1418
1419
1420
1382
1419
1420
1421
1383
1420
1421
1422
1384
1421
1422
1423
1385
1422
1423
1424
1386
1423
1424
1425
1387
1424
1425
1426
1388
1425
1426
1427
1389
1426
1427
1428
1390
1427
1428
1429
1391
1428
1429
1430
1392
1429
1430
1431
1393
1430
1431
1432
1394
1431
1432
1433
1395
1432
1433
1434
1396
1433
1434
1435
1397
1434
1435
1436
1398
1435
1436
1437
1399
1436
1437
1438
1400
1437
1438
1439
1401
1438
1439
1440
1402
1439
1440
1441
1403
1440
1441
1442
1404
1441
1442
1443
1405
1442
1443
1406
1444
1445
1407
1444
1445
1446
1408
1445
1446
1447
1409
1446
1447
1448
1410
1447
1448
1449
1411
1448
1449
1450
1412
1449
1450
1451
1413
1450
1451
1452
1414
1451
1452
1453
1415
1452
1453
1454
1416
1453
1454
1455
1417
1454
1455
1456
1418
1455
1456
1457
1419
1456
1457
1458
1420
1457
1458
1459
1421
1458
1459
1460
1422
1459
1460
1461
1423
1460
1461
1462
1424
1461
1462
1463
1425
1462
1463
1464
1426
1463
1464
1465
1427
1464
1465
1466
1428
1465
1466
1467
1429
1466
1467
1468
1430
1467
1468
1469
1431
1468
1469
1470
1432
1469
1470
1471
1433
1470
1471
1472
1434
1471
1472
1473
1435
1472
1473
1474
1436
1473
1474
1475
1437
1474
1475
1476
1438
1475
1476
1477
1439
1476
1477
1478
1440
1477
1478
1479
1441
1478
1479
1480
1442
1479
1480
1481
1443
1480
1481
1444
1482
1483
1445
1482
1483
1484
1446
1483
1484
1485
-1163005939
-1163005939
-1163005939
-1163005939
-1163005939
-1163005939
-1163005939
-1163005939
-1163005939
-1163005939
-1163005939
-1163005939
-1163005939
-1163005939
-1163005939
-1163005939
-1163005939
-1163005939
-1163005939
-1163005939
-1163005939
-1163005939
-1163005939
-1163005939
-1163005939
-1163005939
-1163005939
-1163005939
-1163005939
-1163005939
-1163005939
-1163005939
-1163005939
-1163005939
-1163005939
-1163005939
-1163005939
-1163005939
-1163005939
-1163005939
-1163005939
-1163005939
-1163005939
-1163005939
