2.23234
8.56859
5.17463
3.80129
1.72207
4.15012
10.5166
8.80053
1.79562
4.28227
2.36174
6.63952
7.86239
8.21274
1.54415
4.07901
6.84979
8.52068
5.23566
9.88394
6.63219
4.08908
4.27036
4.09305
4.45744
6.07004
1.50691
4.19163
4.69304
5.89731
4.03568
9.73409
1.2002
9.41426
7.04724
1.9891
4.64971
6.17533
2.17313
10.1675
10.0915
7.98996
8.11356
10.7916
5.08948
5.7618
6.35966
1.77548
3.73934
8.69707
9.82809
7.77297
6.87146
4.9317
7.21784
8.35557
3.76315
7.65517
10.9023
5.58815
5.66536
5.77676
1.16724
2.56133
6.4564
3.21137
4.614
9.44142
10.7412
5.83871
9.52718
8.60277
4.69976
10.1995
6.03494
5.40718
10.0072
2.99377
3.86477
6.18754
6.12711
5.44472
5.50667
10.0014
1.3003
1.58321
7.60176
5.71816
7.53768
4.5255
8.36625
11
9.92483
9.79818
3.86142
4.7376
5.5616
9.77834
10.9246
9.51039
2.43925
8.30979
9.57265
5.62325
3.57302
9.55617
2.69103
3.29225
6.69964
10.1552
5.8204
4.53404
4.8554
8.73766
4.85205
1.32685
8.14499
1.86856
4.44829
1.60335
2.01321
10.483
4.99579
9.63765
2.33702
5.86404
10.9091
2.38737
2.63915
9.24335
8.09037
8.36045
3.75124
4.06864
3.36671
10.5575
1.22523
5.01746
3.70882
10.064
10.8141
2.80486
8.04886
1.84658
7.32923
8.86035
9.50734
9.32057
7.1919
8.92474
10.8456
9.24671
9.98648
9.64071
10.9499
3.52571
9.33094
7.19037
5.16425
9.44935
8.37602
2.04831
7.2862
4.96863
10.2459
8.90918
6.02976
10.5462
8.73339
5.85336
3.77871
4.15256
9.55983
1.81484
10.4354
10.9704
7.5157
6.41185
10.1781
4.36558
9.79177
1.20112
3.94443
9.69442
10.8141
6.42528
5.44868
7.50044
8.89636
2.30467
3.54402
7.67379
10.0197
8.94855
8.74895
1.12452
9.05414
3.93741
6.74328
10.5431
3.73598
1.64638
6.65325
6.80096
1.70833
3.36885
6.92761
2.56102
5.9443
2.30222
6.63189
9.6581
8.85669
2.46062
4.95886
1.80691
10.4171
5.57564
6.77685
9.211
10.5874
5.04736
7.0268
6.62334
1.38148
1.01007
1.777
1.43001
8.87011
5.57137
8.75231
3.31422
10.4351
2.29154
5.14655
2.06357
7.59536
8.9635
5.53627
5.08856
9.70785
7.75497
7.70034
1.20569
8.86248
1.777
9.16401
2.25645
1.27802
2.14261
2.27995
9.11853
5.51888
4.57128
10.6545
3.67403
2.83508
9.61293
4.73333
3.30049
9.94986
5.54237
9.3636
9.43867
9.59462
7.99667
1.13672
6.8092
9.1167
5.40779
8.3339
4.83465
2.46092
4.30546
1.27528
7.83004
5.84603
3.53853
5.89853
5.52834
2.44261
1.49043
8.36747
10.4971
6.36973
5.34187
3.5309
4.0134
1.31678
6.44847
5.04157
6.9621
4.11228
10.8941
9.94681
7.30696
8.54143
9.2812
5.56374
10.7174
9.73226
4.82366
1.45564
5.89303
4.42082
3.80221
4.31339
1.16358
7.40797
7.44429
8.56371
3.9191
9.51924
9.29524
10.5099
9.43257
7.3805
7.13666
8.8225
10.6426
10.3249
3.52113
9.18873
5.45448
4.73943
3.98196
5.93393
3.12287
1.16449
6.97797
8.43004
6.28062
4.46385
4.64483
5.09925
10.1708
2.36692
8.40562
2.83203
5.65316
2.71056
8.50664
4.62194
7.53951
4.67718
1.54537
3.24067
4.82458
4.35398
5.04584
3.75826
4.37382
9.92056
3.1482
2.72399
4.62987
6.7741
2.47465
6.82018
10.9033
7.9161
2.23203
8.80023
8.8045
9.89615
7.61824
3.52541
7.38691
9.64254
10.5886
1.91189
8.55608
2.47923
7.04999
5.60005
4.31126
6.6502
4.54259
10.1571
8.38456
4.65673
9.47285
9.63002
3.83303
6.7268
7.95914
10.2596
3.15278
6.72344
9.35322
6.16221
2.47526
5.80941
6.50096
4.80169
6.40635
4.17606
1.80264
5.05622
5.07361
6.15122
3.13721
5.69649
9.94345
9.00165
8.71203
7.086
9.9697
10.7336
4.90057
3.91635
4.63598
7.21632
6.1326
1.79134
5.45814
3.92978
10.8953
5.46944
2.5006
2.65593
2.91076
1.57955
7.48122
8.4221
1.55452
3.62459
10.0167
7.01306
10.57
2.0773
8.57469
8.36137
9.14936
7.39088
2.69866
6.12711
4.44188
8.73095
8.06168
8.78497
9.54549
6.24094
10.9161
2.52348
6.05295
9.65932
3.49947
1.27863
5.21094
1.09003
6.9624
4.20292
6.75396
4.755
3.37434
5.89242
9.4756
1.52156
3.3777
9.67916
2.60344
1.03632
1.047
9.30195
2.0358
9.26319
2.51738
9.26899
10.5025
4.24778
9.94742
9.22474
5.71603
7.91427
7.37257
2.63182
5.57442
6.71215
10.0204
5.08399
4.47392
8.92169
3.64016
2.55828
9.80062
1.43245
5.42091
4.92254
2.65868
3.8074
3.04505
5.00861
1.9006
2.44353
3.45979
8.56554
5.51979
2.64403
7.90817
5.40199
8.46788
1.41261
4.79894
7.03626
10.964
8.78222
6.96759
1.15687
6.34959
10.4919
4.89569
8.21976
2.56255
9.82565
2.44902
10.4787
6.28184
1.41932
6.69903
8.77642
3.81167
4.85968
8.3867
7.39851
7.77053
10.8721
4.59508
2.3065
3.63649
7.92679
10.1919
3.06397
5.22559
2.06388
9.60164
3.76437
3.15217
7.75344
5.47493
3.27668
5.344
2.60222
5.81399
10.1214
3.66976
3.72561
6.11582
2.28239
5.74105
8.58568
8.10044
7.28101
5.95468
8.11783
1.58168
2.80853
4.83404
4.95642
1.04639
3.24311
10.7348
4.56639
3.5013
2.35502
2.97546
2.10263
9.15241
7.51753
10.458
2.79907
1.48128
5.73251
4.83557
8.7102
8.27561
6.78753
2.29887
9.60958
10.1797
3.85104
3.03436
10.863
8.3281
6.82507
2.41972
6.08469
7.62374
8.76055
3.02582
7.39485
7.2215
10.6545
1.47456
1.08148
4.78246
4.9375
9.22962
1.49196
6.06119
2.96539
1.36897
10.9536
6.3853
6.8269
2.41423
8.54448
5.59334
10.7794
3.26783
5.5262
2.99286
2.62847
8.33024
10.2459
3.89865
10.3606
6.85253
10.3255
4.31767
4.33872
7.5923
4.94726
5.33882
10.3829
10.8297
5.05255
3.79397
4.03659
6.81256
4.25785
10.751
1.34181
4.68755
8.31223
4.39854
6.42589
10.9832
5.89608
8.89331
1.22034
1.70528
8.58721
5.7203
7.6216
7.1095
2.79174
9.14081
7.40156
3.21015
1.46663
2.28117
10.1906
9.09259
8.43706
5.43037
4.83312
4.08512
3.12226
3.10639
4.44005
3.86142
8.48894
1.45534
10.4418
9.52687
10.0341
2.54454
5.95773
8.7575
8.62017
7.11255
3.79672
3.05329
4.9671
2.33854
9.39839
10.1659
8.62047
6.19517
4.02469
5.76272
9.19941
4.94421
8.52495
3.39784
2.74871
5.34034
2.97272
6.83941
10.9969
8.10318
2.49785
3.82632
6.33555
4.22306
4.62285
5.31318
10.3405
10.6606
8.41295
9.26533
8.63207
7.00238
10.7571
3.06641
9.90286
9.63735
10.0902
3.60475
1.91342
5.01563
2.86926
9.0929
2.27537
8.54997
3.11432
1.69277
6.83087
10.7256
10.3313
5.00311
3.44362
6.9798
6.12284
5.46913
4.01126
2.9129
4.80596
1.78555
2.51463
1.3946
8.34519
1.34639
1.91128
3.125
10.9121
7.81173
7.69362
7.21876
3.39143
8.84509
10.9161
3.36824
3.1366
8.09525
8.50969
2.15299
9.2931
10.4742
3.69295
5.05499
9.00134
4.79955
4.29356
10.7449
4.78979
2.86468
1.79226
9.19819
8.47398
8.99524
8.90338
10.2087
1.86947
9.15455
8.49931
7.8569
9.63552
3.66793
1.70101
7.49739
4.55815
2.61779
7.93503
6.83178
10.5914
7.97775
4.77972
7.6213
3.95785
1.54994
10.4082
9.6108
7.63717
2.76397
6.43962
3.2187
9.53633
5.40046
4.01675
2.56255
9.67214
7.30543
10.9149
5.37635
6.66485
2.15421
2.50029
1.38484
8.8634
7.32771
4.34971
5.70046
10.4098
6.96606
9.3401
8.79717
7.55965
4.26029
7.02557
9.63521
5.56862
2.04282
8.11142
3.48665
1.45625
5.74471
1.83743
1.0351
2.96234
7.77572
9.08557
10.3048
9.00806
7.39332
9.02057
7.98447
1.9714
5.12366
2.08036
1.71047
7.09394
5.79507
7.12629
9.86715
9.32667
9.24641
5.56343
10.4684
2.93091
2.77526
10.2499
5.68703
4.14707
4.38633
2.0007
3.5898
2.23875
10.9026
1.50508
3.63985
9.23115
10.0027
9.46217
7.53371
3.65267
10.2468
2.7539
1.93142
8.5927
8.15293
9.46919
4.64635
9.38862
6.38652
10.5804
10.8495
1.253
2.12644
1.09919
10.8608
2.15696
9.66787
8.51701
6.08225
1.27772
6.32731
1.33631
4.63964
8.32658
5.71053
5.52345
3.29102
4.06711
7.40645
1.67202
7.17206
7.33869
7.16779
10.7119
3.92917
8.89453
6.64501
10.9579
3.81777
7.37074
6.73229
4.32316
2.31199
7.69546
3.58766
4.50536
6.8034
7.25172
1.39521
4.95459
3.93832
10.1076
10.9246
9.44111
9.16736
4.62468
7.95425
3.03467
5.05988
4.75805
10.6237
6.30412
9.95444
10.3612
9.7698
10.5523
3.5013
6.80462
1.31526
6.89984
10.6628
9.22657
4.77361
7.02954
10.7324
1.72268
6.92364
8.40135
2.93762
6.7918
4.72814
1.75259
5.18561
5.34584
6.54979
3.69997
7.51723
2.60009
5.73189
2.24516
6.82904
10.1546
5.60463
8.00919
4.42845
9.57875
9.97885
8.99646
2.98431
7.81417
8.19169
1.7123
4.43181
9.70449
8.76543
6.43626
5.39955
7.96615
10.7403
9.46858
1.71657
5.91684
6.74847
10.1641
8.56676
3.26478
6.88702
5.56099
7.84652
10.2831
7.45405
10.4232
9.29463
10.6686
3.61116
5.49995
6.95416
8.41142
10.0341
1.82797
7.5273
8.97632
8.61437
3.87423
2.18809
10.1153
7.274
9.34254
8.41569
2.61931
8.95557
8.45231
3.40699
6.32762
4.85144
10.5032
5.63698
1.69887
10.9335
10.5346
6.12375
2.2653
1.84384
3.89804
5.96506
8.27531
1.2179
1.5533
1.70345
6.84185
2.48656
3.89377
5.09162
8.90674
9.23603
5.92721
8.80755
8.33268
9.17896
1.60976
4.69549
3.43904
10.801
10.1598
6.08683
6.28916
6.7445
2.14719
10.7638
10.0454
2.99683
8.1926
6.13138
9.70205
7.93747
8.06412
3.16071
6.51256
10.3127
3.0069
10.6622
1.41566
10.2004
9.10205
6.45091
7.78335
2.02206
4.47453
6.97705
8.7929
3.67251
8.1633
1.96561
9.74416
10.8196
3.45979
5.64766
10.628
10.4479
3.537
1.12696
9.26289
2.69988
2.171
9.46339
10.3106
5.08216
7.37654
10.0158
10.4803
8.09464
10.7623
3.62612
5.24116
6.35142
10.4241
5.19172
7.34754
4.25083
10.1836
7.1977
2.49419
10.259
2.98889
10.7665
2.41514
8.86767
1.28535
5.79293
10.7327
4.29386
2.17435
6.72039
1.87374
4.97656
10.1678
5.52589
8.37022
2.93915
5.35286
8.4752
6.84124
7.07593
9.78201
8.20634
7.98843
4.42845
9.89309
7.71346
10.902
8.51213
7.78304
7.78243
6.99811
8.75475
9.13654
4.4492
3.89712
10.1134
10.631
8.03848
4.5551
6.92761
4.62468
10.3481
1.96286
10.0732
3.94259
1.53896
4.72356
1.48128
4.57433
3.29713
3.82022
5.08155
9.09229
9.82473
5.88998
8.23319
8.60582
3.22663
3.31239
2.70843
6.06424
4.85662
6.42772
9.28974
8.71783
9.17896
8.19565
5.0379
2.55339
1.71322
6.60991
7.30634
6.51469
7.62832
5.17707
3.5486
9.31874
2.53417
6.77563
10.9948
6.68377
2.05319
1.20508
5.24848
1.78158
1.71627
1.7419
1.87863
6.721
3.75613
1.00732
10.0561
7.88131
2.35868
1.46876
2.30528
2.9068
3.93191
10.8798
9.43501
2.17252
3.95846
7.97348
4.70067
2.53478
6.99078
8.72576
6.27512
6.18082
1.35554
8.49351
2.07669
2.38676
5.12641
10.3463
6.0267
5.00098
4.92834
4.90179
9.79208
3.45918
4.13791
1.9772
9.08222
10.1507
2.03854
9.37062
8.55699
1.94058
10.4989
9.08069
4.40983
8.67052
9.72768
6.28459
8.6925
6.43748
9.67885
1.38026
4.43608
8.47703
8.66015
10.4067
5.63881
1.45137
5.71236
4.15561
1.17792
9.96359
8.32109
1.28993
6.71123
7.10492
2.02054
5.77584
3.62703
3.85134
3.45979
3.94351
9.11029
5.11847
3.48085
1.49196
6.38163
5.29182
1.78646
5.74563
9.17743
1.03754
9.74722
3.47627
9.5284
4.21757
2.91656
9.60805
2.90344
2.70812
9.81954
7.10858
9.77773
1.94516
8.56615
3.3896
7.68844
5.00372
7.86636
3.51808
2.84393
4.02499
3.99722
5.5616
5.34523
10.8025
10.2932
8.37114
7.08081
9.34346
10.7143
7.12018
6.3621
8.21274
4.06314
6.90991
8.36106
5.47523
10.4073
9.75179
5.40687
4.05002
6.26841
5.24299
6.21226
10.2846
10.1491
10.2459
8.0864
3.56478
4.94848
7.88284
1.19807
9.7756
8.83959
1.16022
8.95404
6.41643
1.16205
1.5356
3.55104
2.1951
4.90149
7.73513
10.7678
8.90246
2.30772
5.14075
3.05573
8.38548
5.2259
1.05524
4.99701
2.43284
6.69262
6.15854
10.1824
8.38212
5.36689
7.46687
3.58187
8.25913
9.35383
3.11035
8.46727
4.26914
10.9869
4.23893
1.94058
8.44774
9.1283
4.36772
8.14835
9.27967
10.5526
1.47945
3.22571
3.10944
6.97339
3.19092
1.04639
3.14545
9.27998
10.299
3.83425
3.87454
5.5378
9.01813
6.69903
3.7015
4.32926
7.22272
10.1641
3.62001
9.98099
5.00403
9.74142
4.73547
1.25178
4.85784
6.62212
2.44505
10.0426
1.81088
8.54112
10.0909
1.68239
8.80541
4.88165
9.89889
3.36488
7.6448
5.08002
4.01584
2.28758
10.8242
4.39213
3.45582
10.0628
4.54625
6.08774
7.7687
4.95917
8.24662
4.13364
3.24403
8.54143
10.9301
5.42366
2.4658
8.26035
9.64101
5.62752
3.02063
2.56987
10.3719
7.7101
8.18589
10.1208
6.72619
7.19343
7.3976
9.60042
6.64959
3.21534
9.31935
1.78127
2.5363
9.45607
5.31928
10.3374
5.0315
3.98563
6.17167
2.99103
5.83383
2.10416
9.79025
9.55922
9.81588
1.2295
2.81372
8.45048
1.77395
1.89908
3.8486
8.18772
8.11875
3.949
1.18433
5.50819
8.81915
1.9299
2.79571
6.60961
9.91446
8.82373
1.44099
3.10547
1.90243
2.124
2.67119
9.24549
4.32316
1.34211
8.56157
1.97232
1.84231
1.00275
4.979
10.3707
2.15238
8.1868
5.1963
6.07248
1.00549
8.69158
7.66616
1.18525
4.68328
10.8642
10.7693
5.29823
5.22315
1.17457
2.34617
8.13584
8.71142
