0
3
7
11
15
19
23
27
31
35
39
43
47
51
55
59
63
67
71
75
79
83
87
91
95
99
103
107
111
115
119
123
127
131
135
139
143
147
150
154
159
164
169
174
179
184
189
194
199
204
209
214
219
224
229
234
239
244
249
254
259
264
269
274
279
284
289
294
299
304
309
314
319
324
329
334
338
342
347
352
357
362
367
372
377
382
387
392
397
402
407
412
417
422
427
432
437
442
447
452
457
462
467
472
477
482
487
492
497
502
507
512
517
522
526
530
535
540
545
550
555
560
565
570
575
580
585
590
595
600
605
610
615
620
625
630
635
640
645
650
655
660
665
670
675
680
685
690
695
700
705
710
714
718
723
728
733
738
743
748
753
758
763
768
773
778
783
788
793
798
803
808
813
818
823
828
833
838
843
848
853
858
863
868
873
878
883
888
893
898
902
906
911
916
921
926
931
936
941
946
951
956
961
966
971
976
981
986
991
996
1001
1006
1011
1016
1021
1026
1031
1036
1041
1046
1051
1056
1061
1066
1071
1076
1081
1086
1090
1094
1099
1104
1109
1114
1119
1124
1129
1134
1139
1144
1149
1154
1159
1164
1169
1174
1179
1184
1189
1194
1199
1204
1209
1214
1219
1224
1229
1234
1239
1244
1249
1254
1259
1264
1269
1274
1278
1282
1287
1292
1297
1302
1307
1312
1317
1322
1327
1332
1337
1342
1347
1352
1357
1362
1367
1372
1377
1382
1387
1392
1397
1402
1407
1412
1417
1422
1427
1432
1437
1442
1447
1452
1457
1462
1466
1470
1475
1480
1485
1490
1495
1500
1505
1510
1515
1520
1525
1530
1535
1540
1545
1550
1555
1560
1565
1570
1575
1580
1585
1590
1595
1600
1605
1610
1615
1620
1625
1630
1635
1640
1645
1650
1654
1658
1663
1668
1673
1678
1683
1688
1693
1698
1703
1708
1713
1718
1723
1728
1733
1738
1743
1748
1753
1758
1763
1768
1773
1778
1783
1788
1793
1798
1803
1808
1813
1818
1823
1828
1833
1838
1842
1846
1851
1856
1861
1866
1871
1876
1881
1886
1891
1896
1901
1906
1911
1916
1921
1926
1931
1936
1941
1946
1951
1956
1961
1966
1971
1976
1981
1986
1991
1996
2001
2006
2011
2016
2021
2026
2030
2034
2039
2044
2049
2054
2059
2064
2069
2074
2079
2084
2089
2094
2099
2104
2109
2114
2119
2124
2129
2134
2139
2144
2149
2154
2159
2164
2169
2174
2179
2184
2189
2194
2199
2204
2209
2214
2218
2222
2227
2232
2237
2242
2247
2252
2257
2262
2267
2272
2277
2282
2287
2292
2297
2302
2307
2312
2317
2322
2327
2332
2337
2342
2347
2352
2357
2362
2367
2372
2377
2382
2387
2392
2397
2402
2406
2410
2415
2420
2425
2430
2435
2440
2445
2450
2455
2460
2465
2470
2475
2480
2485
2490
2495
2500
2505
2510
2515
2520
2525
2530
2535
2540
2545
2550
2555
2560
2565
2570
2575
2580
2585
2590
2594
2598
2603
2608
2613
2618
2623
2628
2633
2638
2643
2648
2653
2658
2663
2668
2673
2678
2683
2688
2693
2698
2703
2708
2713
2718
2723
2728
2733
2738
2743
2748
2753
2758
2763
2768
2773
2778
2782
2786
2791
2796
2801
2806
2811
2816
2821
2826
2831
2836
2841
2846
2851
2856
2861
2866
2871
2876
2881
2886
2891
2896
2901
2906
2911
2916
2921
2926
2931
2936
2941
2946
2951
2956
2961
2966
2970
2974
2979
2984
2989
2994
2999
3004
3009
3014
3019
3024
3029
3034
3039
3044
3049
3054
3059
3064
3069
3074
3079
3084
3089
3094
3099
3104
3109
3114
3119
3124
3129
3134
3139
3144
3149
3154
3158
3162
3167
3172
3177
3182
3187
3192
3197
3202
3207
3212
3217
3222
3227
3232
3237
3242
3247
3252
3257
3262
3267
3272
3277
3282
3287
3292
3297
3302
3307
3312
3317
3322
3327
3332
3337
3342
3346
3350
3355
3360
3365
3370
3375
3380
3385
3390
3395
3400
3405
3410
3415
3420
3425
3430
3435
3440
3445
3450
3455
3460
3465
3470
3475
3480
3485
3490
3495
3500
3505
3510
3515
3520
3525
3530
3534
3538
3543
3548
3553
3558
3563
3568
3573
3578
3583
3588
3593
3598
3603
3608
3613
3618
3623
3628
3633
3638
3643
3648
3653
3658
3663
3668
3673
3678
3683
3688
3693
3698
3703
3708
3713
3718
3722
3726
3731
3736
3741
3746
3751
3756
3761
3766
3771
3776
3781
3786
3791
3796
3801
3806
3811
3816
3821
3826
3831
3836
3841
3846
3851
3856
3861
3866
3871
3876
3881
3886
3891
3896
3901
3906
3910
3914
3919
3924
3929
3934
3939
3944
3949
3954
3959
3964
3969
3974
3979
3984
3989
3994
3999
4004
4009
4014
4019
4024
4029
4034
4039
4044
4049
4054
4059
4064
4069
4074
4079
4084
4089
4094
4098
4102
4107
4112
4117
4122
4127
4132
4137
4142
4147
4152
4157
4162
4167
4172
4177
4182
4187
4192
4197
4202
4207
4212
4217
4222
4227
4232
4237
4242
4247
4252
4257
4262
4267
4272
4277
4282
4286
4290
4295
4300
4305
4310
4315
4320
4325
4330
4335
4340
4345
4350
4355
4360
4365
4370
4375
4380
4385
4390
4395
4400
4405
4410
4415
4420
4425
4430
4435
4440
4445
4450
4455
4460
4465
4470
4474
4478
4483
4488
4493
4498
4503
4508
4513
4518
4523
4528
4533
4538
4543
4548
4553
4558
4563
4568
4573
4578
4583
4588
4593
4598
4603
4608
4613
4618
4623
4628
4633
4638
4643
4648
4653
4658
4662
4666
4671
4676
4681
4686
4691
4696
4701
4706
4711
4716
4721
4726
4731
4736
4741
4746
4751
4756
4761
4766
4771
4776
4781
4786
4791
4796
4801
4806
4811
4816
4821
4826
4831
4836
4841
4846
4850
4854
4859
4864
4869
4874
4879
4884
4889
4894
4899
4904
4909
4914
4919
4924
4929
4934
4939
4944
4949
4954
4959
4964
4969
4974
4979
4984
4989
4994
4999
5004
5009
5014
5019
5024
5029
5034
5038
5042
5047
5052
5057
5062
5067
5072
5077
5082
5087
5092
5097
5102
5107
5112
5117
5122
5127
5132
5137
5142
5147
5152
5157
5162
5167
5172
5177
5182
5187
5192
5197
5202
5207
5212
5217
5222
5226
5230
5235
5240
5245
5250
5255
5260
5265
5270
5275
5280
5285
5290
5295
5300
5305
5310
5315
5320
5325
5330
5335
5340
5345
5350
5355
5360
5365
5370
5375
5380
5385
5390
5395
5400
5405
5410
5414
5418
5423
5428
5433
5438
5443
5448
5453
5458
5463
5468
5473
5478
5483
5488
5493
5498
5503
5508
5513
5518
5523
5528
5533
5538
5543
5548
5553
5558
5563
5568
5573
5578
5583
5588
5593
5598
5602
5606
5611
5616
5621
5626
5631
5636
5641
5646
5651
5656
5661
5666
5671
5676
5681
5686
5691
5696
5701
5706
5711
5716
5721
5726
5731
5736
5741
5746
5751
5756
5761
5766
5771
5776
5781
5786
5790
5794
5799
5804
5809
5814
5819
5824
5829
5834
5839
5844
5849
5854
5859
5864
5869
5874
5879
5884
5889
5894
5899
5904
5909
5914
5919
5924
5929
5934
5939
5944
5949
5954
5959
5964
5969
5974
5978
5982
5987
5992
5997
6002
6007
6012
6017
6022
6027
6032
6037
6042
6047
6052
6057
6062
6067
6072
6077
6082
6087
6092
6097
6102
6107
6112
6117
6122
6127
6132
6137
6142
6147
6152
6157
6162
6166
6170
6175
6180
6185
6190
6195
6200
6205
6210
6215
6220
6225
6230
6235
6240
6245
6250
6255
6260
6265
6270
6275
6280
6285
6290
6295
6300
6305
6310
6315
6320
6325
6330
6335
6340
6345
6350
6354
6358
6363
6368
6373
6378
6383
6388
6393
6398
6403
6408
6413
6418
6423
6428
6433
6438
6443
6448
6453
6458
6463
6468
6473
6478
6483
6488
6493
6498
6503
6508
6513
6518
6523
6528
6533
6538
6542
6546
6551
6556
6561
6566
6571
6576
6581
6586
6591
6596
6601
6606
6611
6616
6621
6626
6631
6636
6641
6646
6651
6656
6661
6666
6671
6676
6681
6686
6691
6696
6701
6706
6711
6716
6721
6726
6730
6734
6739
6744
6749
6754
6759
6764
6769
6774
6779
6784
6789
6794
6799
6804
6809
6814
6819
6824
6829
6834
6839
6844
6849
6854
6859
6864
6869
6874
6879
6884
6889
6894
6899
6904
6909
6914
6918
6921
6925
6929
6933
6937
6941
6945
6949
6953
6957
6961
6965
6969
6973
6977
6981
6985
6989
6993
6997
7001
7005
7009
7013
7017
7021
7025
7029
7033
7037
7041
7045
7049
7053
7057
7061
7065
7068
7071
7075
7079
7083
7087
7091
7095
7099
7103
7107
7111
7115
7119
7123
7127
7131
7135
7139
7143
7147
7151
7155
7159
7163
7167
7171
7175
7179
7183
7187
7191
7195
7199
7203
7207
7211
7215
7218
7221
7225
7229
