0
24
48
72
107
141
177
213
248
284
319
354
389
413
437
461
497
533
569
621
672
726
779
831
885
939
990
1043
1079
1115
1150
1186
1222
1258
1311
1364
1416
1466
1520
1571
1623
1677
1727
1763
1799
1833
1869
1905
1941
1994
2046
2100
2153
2206
2258
2312
2364
2417
2453
2489
2524
2560
2596
2631
2684
2735
2787
2840
2893
2946
2997
3048
3102
3138
3174
3210
3246
3282
3318
3369
3422
3475
3528
3581
3633
3686
3739
3792
3827
3863
3898
3934
3970
4005
4058
4110
4164
4216
4267
4320
4369
4421
4473
4509
4545
4580
4615
4651
4686
4739
4793
4847
4898
4951
5003
5054
5103
5156
5191
5227
5261
5285
5309
5333
5368
5403
5439
5475
5509
5545
5579
5613
5649
5673
5697
5721
5757
5793
5829
5882
5936
5989
6042
6095
6148
6202
6252
6304
6340
6374
6410
6464
6517
6567
6648
6724
6803
6882
6963
7043
7124
7205
7286
7339
7392
7445
7497
7548
7602
7679
7758
7836
7916
7993
8074
8153
8233
8313
8367
8421
8475
8528
8582
8634
8714
8794
8873
8953
9033
9112
9191
9271
9351
9405
9459
9513
9566
9619
9670
9749
9830
9908
9987
10067
10147
10221
10302
10379
10430
10483
10536
10589
10642
10695
10775
10854
10931
11011
11090
11171
11249
11328
11406
11458
11511
11564
11617
11668
11721
11802
11880
11959
12039
12117
12198
12272
12348
12425
12477
12530
12583
12636
12688
12741
12819
12897
12975
13055
13132
13211
13286
13360
13439
13492
13546
13599
13634
13670
13706
13758
13811
13865
13912
13965
14015
14061
14106
14157
14190
14224
14259
14294
14330
14366
14419
14471
14523
14575
14626
14676
14728
14778
14830
14865
14900
14935
14987
15038
15090
15170
15249
15325
15406
15486
15565
15646
15723
15801
15855
15908
15962
16015
16067
16119
16198
16275
16351
16431
16511
16588
16667
16746
16824
16878
16932
16983
17037
17091
17144
17223
17301
17381
17459
17535
17612
17688
17766
17846
17900
17953
18005
18059
18110
18163
18244
18322
18398
18477
18556
18634
18711
18786
18864
18916
18968
19019
19071
19124
19177
19256
19333
19409
19488
19566
19645
19723
19802
19880
19933
19986
20038
20092
20143
20195
20274
20350
20426
20501
20579
20657
20733
20810
20889
20943
20995
21048
21099
21151
21203
21283
21359
21437
21515
21594
21670
21748
21823
21900
21953
22006
22056
22090
22125
22161
22211
22263
22314
22366
22414
22465
22517
22565
22614
22647
22682
22718
22754
22790
22826
22879
22933
22983
23033
23085
23137
23191
23244
23295
23331
23366
23402
23455
23508
23562
23643
23722
23801
23881
23959
24035
24116
24195
24275
24329
24382
24434
24485
24536
24590
24668
24747
24823
24899
24978
25056
25136
25214
25293
25345
25396
25447
25497
25551
25605
25686
25764
25845
25924
26003
26083
26163
26243
26323
26377
26429
26482
26535
26589
26641
26721
26798
26877
26954
27031
27107
27186
27264
27345
27398
27448
27500
27554
27608
27661
27736
27815
27895
27972
28051
28127
28204
28284
28358
28408
28458
28509
28559
28612
28666
28744
28821
28897
28975
29054
29132
29210
29286
29364
29416
29468
29519
29573
29625
29679
29757
29837
29916
29991
30068
30143
30215
30291
30370
30422
30474
30526
30561
30597
30633
30684
30737
30788
30839
30888
30940
30992
31042
31092
31126
31161
31196
31231
31267
31303
31355
31407
31460
31512
31564
31618
31671
31723
31776
31812
31848
31884
31938
31992
32045
32125
32204
32283
32363
32442
32521
32602
32680
32756
32810
32863
32917
32969
33021
33075
33153
33231
33308
33385
33464
33541
33621
33701
33779
33832
33886
33937
33990
34042
34096
34177
34254
34333
34413
34491
34570
34650
34728
34805
34858
34911
34965
35017
35071
35124
35205
35282
35360
35440
35517
35596
35670
35746
35825
35877
35929
35983
36037
36091
36145
36224
36303
36380
36458
36536
36611
36689
36768
36847
36900
36954
37008
37061
37114
37167
37247
37324
37401
37477
37552
37631
37709
37784
37861
37914
37968
38021
38074
38126
38180
38258
38336
38414
38487
38563
38641
38716
38794
38871
38924
38976
39029
39063
39099
39135
39187
39238
39291
39338
39389
39440
39488
39538
39590
39624
39659
39694
39730
39765
39801
39855
39907
39959
40012
40064
40118
40170
40220
40272
40308
40342
40378
40432
40486
40539
40620
40698
40775
40856
40936
41016
41095
41170
41250
41303
41356
41410
41462
41516
41570
41648
41727
41803
41882
41960
42039
42120
42198
42276
42330
42383
42435
42488
42541
42595
42676
42753
42831
42910
42988
43067
43147
43227
43307
43361
43414
43467
43519
43573
43627
43707
43784
43858
43937
44015
44094
44172
44249
44328
44381
44434
44487
44540
44594
44648
44728
44805
44883
44962
45039
45118
45197
45274
45355
45408
45462
45516
45568
45622
45676
45755
45832
45909
45984
46056
46135
46211
46288
46367
46420
46473
46526
46579
46632
46686
46765
46843
46922
46997
47074
47148
47221
47300
47376
47427
47480
47531
47566
47602
47637
47690
47740
47790
47842
47891
47942
47994
48041
48092
48127
48161
48196
48232
48268
48304
48357
48408
48460
48514
48565
48617
48668
48719
48773
48809
48843
48879
48933
48986
49038
49117
49194
49275
49355
49433
49513
49594
49672
49752
49806
49855
49908
49960
50012
50062
50139
50219
50296
50370
50448
50523
50602
50678
50755
50809
50861
50913
50967
51020
51072
51153
51231
51310
51390
51467
51546
51625
51703
51781
51835
51885
51938
51990
52044
52093
52169
52245
52318
52394
52468
52544
52624
52702
52780
52833
52884
52936
52990
53044
53095
53175
53253
53331
53411
53489
53564
53640
53716
53791
53842
53893
53943
53996
54048
54098
54178
54254
54327
54403
54477
54553
54629
54700
54775
54827
54878
54929
54981
55032
55086
55165
55240
55317
55395
55472
55549
55624
55702
55781
55831
55882
55934
55969
56003
56038
56092
56144
56197
56246
56298
56351
56398
56448
56500
56533
56568
56602
56638
56674
56710
56762
56814
56866
56919
56971
57022
57072
57119
57172
57208
57243
57279
57333
57387
57439
57517
57594
57673
57753
57827
57906
57987
58063
58138
58191
58244
58297
58350
58403
58457
58535
58613
58689
58767
58843
58919
58998
59070
59144
59197
59249
59299
59351
59403
59456
59537
59616
59695
59776
59849
59924
60004
60081
60157
60210
60260
60311
60364
60417
60471
60551
60626
60702
60777
60851
60927
61004
61079
61155
61206
61257
61308
61361
61415
61468
61544
61624
61698
61773
61848
61924
62003
62080
62154
62206
62256
62308
62360
62414
62467
62546
62624
62698
62775
62843
62917
62993
63064
63140
63192
63242
63290
63343
63395
63444
63519
63594
63668
63741
63815
63888
63965
64035
64110
64160
64210
64257
64292
64328
64362
64414
64466
64518
64568
64620
64671
64720
64770
64820
64855
64889
64924
64960
64996
65031
65084
65136
65187
65241
65291
65343
65396
65447
65499
65534
65569
65605
65657
65710
65763
65842
65923
66000
66081
66154
66234
66315
66389
66468
66522
66572
66625
66678
66729
66779
66858
66937
67014
67093
67171
67247
67326
67402
67478
67532
67583
67634
67686
67737
67790
67870
67945
68021
68101
68176
68253
68334
68411
68487
68540
68593
68645
68698
68751
68805
68885
68963
69038
69113
69191
69263
69343
69418
69492
69546
69597
69649
69701
69754
69807
69886
69963
70039
70116
70191
70261
70339
70416
70492
70544
70595
70645
70697
70750
70801
70881
70957
71035
71110
71186
71259
71337
71412
71485
71537
71589
71637
71689
71741
71793
71869
71946
72019
72098
72171
72243
72319
72389
72462
72512
72565
72616
72649
72684
72718
72771
72822
72875
72927
72980
73032
73084
73135
73185
73219
73254
73290
73326
73361
73396
73450
73503
73557
73611
73664
73717
73768
73818
73871
73905
73941
73976
74030
74084
74135
74214
74291
74370
74450
74525
74600
74681
74758
74834
74887
74938
74987
75037
75090
75141
75219
75299
75374
75453
75531
75607
75684
75762
75838
75891
75945
75996
76049
76101
76153
76234
76308
76386
76467
76541
76620
76699
76775
76853
76907
76959
77011
77065
77119
77170
77251
77328
77401
77476
77552
77625
77703
77776
77853
77906
77958
78010
78062
78116
78168
78247
78325
78401
78480
78557
78633
78712
78784
78859
78910
78962
79013
79067
79119
79170
79249
79324
79398
79475
79551
79624
79701
79772
79848
79900
79951
80001
80053
80105
80158
80235
80313
80390
80464
80539
80615
80690
80758
80831
80880
80931
80981
81016
81051
81087
81138
81188
81239
81288
81337
81389
81438
81488
81540
81572
81606
81641
81665
81689
81713
81747
81779
81815
81851
81885
81919
81953
81986
82021
82045
82069
82093
82128
82164
82198
82250
82302
82352
82406
82455
82505
82559
82611
82665
82701
82735
82767
82803
82839
82875
82928
82978
83030
83084
83135
83187
83241
83292
83344
83380
83415
83450
83485
83520
83555
83609
83659
83712
83766
83818
83871
83924
83975
84027
84063
84097
84131
84166
84201
84236
84290
84342
84392
84443
84492
84542
84594
84646
84696
84731
84765
84798
84833
84868
84902
84955
85007
85057
85109
85159
85208
85259
85308
85359
85394
85430
85465
85501
85537
85570
85622
85676
85725
85776
85827
85877
85926
85978
86030
86064
86099
86132
86167
86203
86236
86288
86338
86387
86436
86484
86532
86583
86636
86688
86723
86759
86791
86815
86839
86863
86898
86929
86963
86998
87032
87065
87099
87133
87169
87193
87217
87241
