0.0860845
1.02892
0.566768
0.310898
0.597552
0.577258
0.173802
0.886765
0.098063
0.426108
0.766951
0.629155
0.399214
0.0650489
0.843665
0.42549
0.924277
0.0601843
0.811122
0.504377
0.232699
0.63281
0.258998
0.812375
0.181592
0.74692
0.20566
0.91929
0.470303
0.0995145
0.493195
0.378126
0.731176
0.506012
0.752949
0.722155
0.307337
0.340897
0.78264
0.166277
0.35067
0.489646
0.513847
0.879821
0.867438
0.374052
0.408714
0.602696
0.0976567
0.212433
0.324927
0.814885
0.681495
0.534873
0.881131
0.22059
0.603971
0.155522
0.673405
0.374804
0.818075
0.652654
0.885245
0.553886
0.757256
0.260921
0.0609966
0.940922
0.249322
0.905545
0.836883
0.42349
0.812101
0.791318
0.682586
0.493305
0.593928
0.161169
0.420505
0.775905
0.787914
0.692408
0.254544
0.538182
0.875501
0.0746988
0.254868
0.0693798
0.746775
0.734581
0.355627
0.124751
0.128983
0.0894173
0.305672
0.957336
0.0901732
0.381484
0.581429
0.476185
0.200145
0.0855173
0.480547
0.522588
0.242032
0.951318
0.721272
0.593206
0.746516
0.129321
0.337948
0.0815848
0.620242
0.812586
0.119521
0.167875
0.115745
0.927674
0.554537
0.04189
0.318146
0.172339
0.724121
0.638638
0.52585
0.838907
0.612717
0.737893
0.554302
0.545349
0.6472
0.495432
0.765419
0.368353
0.0777387
0.713789
0.102203
0.836657
0.619141
0.266265
0.803643
0.453193
0.166137
0.331587
0.78689
0.6831
0.0291675
0.399636
0.893997
0.504908
0.907544
0.639199
0.413782
0.417967
0.109462
0.232489
0.308703
1.05098
0.0195234
0.754499
0.161619
0.879714
0.800259
0.596287
0.534186
0.216093
0.882751
0.826439
0.559527
0.406857
0.290684
0.771305
0.947863
0.433198
0.602178
0.609524
0.511753
0.807424
0.774934
0.854302
0.458209
0.217087
0.736008
0.532788
0.54028
0.535582
0.880148
0.392122
0.308608
0.0155108
0.981351
0.116789
0.323034
0.369897
0.945346
0.0993705
0.118676
0.745769
0.815932
0.420779
0.231065
0.119407
0.75555
0.227973
0.68223
0.112569
0.267059
0.997176
0.982306
0.145104
0.298862
0.410695
0.978306
0.809529
0.157638
0.504728
0.100535
0.324646
0.956398
0.485399
0.219429
0.370234
0.811933
0.552848
0.717915
0.397136
0.623279
0.524744
0.407529
0.895862
0.415393
0.220218
1.05189
0.563575
0.302146
0.860087
0.512736
0.966401
0.0605572
0.492606
0.244311
0.749222
0.235818
0.541187
0.289573
0.274126
0.113605
0.112322
0.972417
0.460937
0.0748615
0.261955
0.227804
0.952514
0.251954
0.797091
0.89784
0.954005
1.06582
0.232178
0.291585
0.284671
0.771746
0.930295
0.191575
0.776828
0.32531
0.918684
0.159541
0.697606
0.716497
0.141992
0.164675
0.876869
0.794536
0.175581
0.713464
0.0827497
1.02631
-0.003753
0.416743
0.0780915
0.141548
0.818012
0.671889
0.796074
0.891944
0.263504
0.326145
0.950108
0.191155
0.956602
0.335666
0.318565
0.76475
0.287223
0.621933
0.956104
0.497646
0.714487
0.897949
0.574925
0.687189
0.211227
0.739248
0.422696
0.211829
0.972366
0.780149
0.622405
0.119617
0.247823
0.195726
0.398333
0.483397
0.113533
0.507676
0.705581
0.102636
0.614968
0.156198
0.719518
0.592777
0.0434124
0.212051
0.433053
0.907033
0.170391
0.512132
0.664765
0.429107
0.452023
1.00928
0.635352
0.91899
0.704372
0.656325
0.17484
0.822381
0.997751
0.69005
0.182237
0.26192
0.356591
0.308142
0.248917
0.250473
0.29291
0.738415
0.872344
0.443753
0.548365
0.681999
0.731026
0.615932
0.332805
0.416286
0.47209
0.319809
0.21688
0.373628
0.566133
0.111918
0.667577
0.754702
0.789814
0.159777
0.0382328
0.570901
0.479304
0.281061
0.719221
0.635345
0.430487
0.766878
0.233609
0.535163
0.421759
0.934854
0.506247
0.486708
0.830479
0.695208
0.834958
0.0716745
0.081526
0.888577
0.0488969
0.169007
0.344905
0.734944
0.326305
0.984694
0.727458
0.438636
0.520532
0.226569
0.633336
0.639579
0.28224
0.0620731
0.792259
0.164324
0.471798
0.7379
0.259026
0.891423
0.747465
0.457358
0.241508
0.237144
0.890809
0.430942
0.339027
0.91143
0.263635
0.282741
0.727532
0.0764884
0.282431
0.930469
0.685729
0.748781
0.470926
0.111724
0.700054
0.732548
0.596318
0.53683
0.541885
0.449873
0.606404
0.644255
0.813687
0.435025
0.726091
0.0410823
0.190042
0.503232
0.901671
0.84785
0.110382
0.868291
0.500805
0.185723
0.319547
0.964793
0.365339
0.337954
0.236955
0.33395
0.41137
0.84321
0.864728
0.417278
0.511878
0.253682
0.915279
0.39572
0.24829
0.401931
0.728561
0.226663
0.455943
0.743921
0.808552
0.0476734
0.850922
0.256824
0.264231
0.818563
0.412961
0.93897
0.796182
0.833954
0.749282
0.693931
0.477175
0.3002
0.209209
1.00218
0.25324
0.621997
0.335047
0.18219
0.919979
0.467615
0.285104
0.747738
0.364107
0.874261
-0.00454986
0.969512
0.301528
0.336829
0.0991242
0.664619
0.108977
0.300379
0.406366
0.53896
0.799199
0.135569
0.415316
0.41497
0.513027
0.0525199
0.594225
0.0822466
0.924297
0.895131
0.438757
0.0243188
0.814158
0.192464
0.569443
0.708284
0.981273
0.32785
0.821378
0.0681287
0.232272
0.69622
0.24533
0.717038
0.77088
0.551939
0.827447
0.448463
0.217659
0.301083
0.75015
0.273922
0.481419
0.159357
0.750964
0.366673
0.43218
0.958746
0.467583
0.310512
0.167391
0.995209
0.080492
0.210518
0.188304
0.547391
0.209146
0.618847
0.620748
0.218599
0.180467
0.393957
1.01403
0.892655
0.656049
0.487943
0.94241
0.727576
0.196447
0.443718
0.146052
0.780951
0.697923
0.410255
0.854926
0.209146
0.502449
0.101693
0.185415
0.871469
0.691083
0.233098
0.793925
0.573598
0.712427
0.80653
0.87912
0.127447
0.690515
0.480521
0.408583
0.717142
0.191541
0.997524
0.420425
0.300433
0.654142
0.574248
1.00525
0.132043
0.464939
0.508593
0.0869905
0.197698
0.562892
0.228904
0.516791
0.406803
0.668585
0.666366
0.625503
0.262148
0.638479
0.458632
0.628613
1.04558
0.804529
0.554985
0.846878
0.797664
0.217874
0.243108
0.575964
0.269131
0.167097
0.780125
0.523912
0.214422
0.0552564
0.98389
0.0459365
0.507211
0.963862
0.546819
0.493164
0.441509
0.093886
0.29861
0.46406
0.542298
0.353422
0.195117
0.136767
0.977305
0.366261
0.888101
0.285376
0.977523
0.799194
0.88953
0.148624
0.340979
0.369008
0.369752
0.231874
0.964605
0.125095
0.890765
0.608232
0.666089
0.16968
0.44905
0.0598046
0.569562
0.474936
0.463851
0.18363
0.416445
0.77809
0.762489
0.696815
0.862445
0.646081
0.48073
0.945477
0.802777
0.809056
1.01766
0.943003
0.814815
0.936769
0.896117
0.167883
0.725514
0.188322
0.571707
0.244475
0.527809
0.0789272
0.137083
0.406474
0.375934
0.992783
0.537245
0.531189
0.531007
0.228053
0.977307
0.222495
0.302251
0.513204
0.257027
0.0486224
0.600613
0.733176
0.474664
0.96734
0.817407
0.836661
0.274226
0.6917
0.902422
0.255141
0.764835
0.633214
0.279921
0.602674
0.129353
0.19903
0.272377
0.31451
0.260905
0.583141
0.765189
0.820545
0.48382
0.145596
0.382644
0.882435
0.62811
0.838505
0.241637
0.697329
0.459661
0.876526
0.262451
0.692091
0.828702
0.17576
0.378123
0.322315
0.093091
0.326677
0.62907
0.686841
0.646973
0.530238
0.270696
0.528699
0.652891
0.489073
0.180322
0.764948
0.947916
0.371916
0.72162
0.846758
0.372937
0.914888
0.546945
0.0944184
0.227393
0.679174
0.808745
0.348864
0.948168
0.603679
0.390309
0.988058
0.250225
0.726744
0.401638
0.343671
0.72969
0.416237
0.556699
0.357482
0.571405
0.953225
0.130256
0.921597
0.192239
0.30714
0.975366
0.0181623
0.966314
0.460449
0.0994728
0.461245
0.063722
0.944345
0.426807
0.267855
0.919007
0.684754
0.549158
1.00989
0.327687
0.352793
0.739733
0.418069
0.38878
0.463152
0.674651
0.745857
0.324921
0.575577
0.741251
0.381445
0.426699
0.741088
0.861147
0.0692561
0.0806665
0.766286
0.0583453
0.145357
0.666515
0.217125
0.906055
0.500131
0.670125
0.0581085
0.727272
0.150457
0.282774
0.975795
0.14876
0.599859
0.640479
0.81493
0.167549
0.605075
0.557676
0.0295283
0.825848
1.01134
0.211325
0.773292
0.701058
0.960123
0.948276
0.412689
0.856496
0.561682
0.225193
0.428988
0.350016
0.423247
0.476363
0.870637
0.414899
0.848367
0.694381
0.728386
0.970749
0.296829
0.440518
0.938696
0.510019
0.823558
0.601974
0.763731
0.896018
0.710914
0.0948563
0.719272
0.570316
0.729344
0.196211
0.0835219
0.0855547
0.258072
0.101853
0.230153
0.262124
0.930146
0.869
0.971674
0.513384
0.104525
0.831854
0.617052
0.0815492
0.507437
0.195849
0.497589
0.514533
0.599939
0.700312
0.554907
0.707094
0.702272
0.998933
0.563373
0.969741
0.984116
0.264108
0.887569
-0.00032998
0.329882
0.295874
0.175764
0.686104
0.391131
0.165909
0.457092
0.203669
0.939865
0.504689
0.551448
0.779317
0.492962
0.838076
0.0372111
0.423294
0.916036
0.507456
0.35339
0.0529517
0.657492
0.0758781
0.53165
0.91403
0.966948
0.261666
0.426472
0.95943
0.854332
0.480227
0.25991
0.140546
0.628039
0.18233
0.620036
0.1778
0.620727
0.842739
0.712586
0.926306
0.130669
0.483695
0.434685
0.336007
0.20364
0.539058
0.950092
0.103039
0.5174
0.444907
0.231131
0.175324
0.212705
0.493643
0.456989
0.476803
0.66327
0.0981216
0.46922
0.221925
0.842033
0.629622
0.763342
0.251493
0.204205
0.795465
0.655568
0.92969
0.323601
0.682272
0.196073
0.982639
0.313564
0.977477
0.331779
0.509816
0.431481
0.268444
0.65346
0.95321
0.69899
0.064606
0.74491
0.87676
0.974059
0.849947
0.572597
0.951864
0.571637
0.707621
0.283527
0.64873
0.0961276
0.804293
0.857357
0.747432
0.890314
0.491958
0.610861
0.0616807
0.744568
0.827859
0.802438
0.720063
0.85757
0.949622
0.149966
0.674812
0.548943
0.734486
0.355872
0.988535
0.969653
0.0666846
0.590319
0.105759
1.00334
0.0337767
0.137856
0.0861958
0.857371
0.585064
0.445063
0.86937
0.369149
0.719466
0.881464
0.395707
0.316573
0.203164
1.00537
0.104982
0.212942
