0.0224795
0.054408
0.0556145
-0.0460883
0.0468857
-0.013931
-0.0255572
0.0619502
-0.0616902
0.0756256
0.0155116
0.0942687
0.0462683
0.0596735
-0.0419106
0.0655851
-0.000782055
0.056539
0.0270197
0.0312954
0.0275001
0.0409003
0.00915946
0.0118955
-0.012804
-0.00228568
-0.0101892
0.00147435
-0.0109874
-0.00421996
-0.0144438
0.00157765
-0.0149089
-0.00034251
-0.043197
-0.00897121
-0.0511595
-0.012493
-0.0644099
-0.0116442
-0.0541806
-0.0101391
-0.0380286
-0.00870325
-0.0418862
-0.0108041
-0.70968
0.160781
-0.000130973
-0.000471902
0.00391478
-0.00254211
0.0129717
0.00378794
-0.00598719
-0.0044312
-0.00822599
-0.00384446
0.00451472
0.00588362
-0.00265975
0.00309128
-0.0049681
0.00318883
0.00327973
-0.00122956
-0.00790526
0.00127784
-0.000464027
0.00383405
-0.00272564
0.00488762
-0.0043469
0.00424392
-0.00328092
-0.000857062
-0.00623244
-0.00248105
-0.00836895
0.000441632
-0.00985527
-0.000435621
-0.0138357
0.000114722
-0.0346102
-0.0122546
-0.0367572
-0.00742905
-0.0297078
-0.00400064
-0.0251812
-0.00862168
-0.0244606
-0.00970307
-0.0291601
-0.00200814
0.00058265
0.0208622
0.00383963
0.037324
-0.000354497
-0.00482138
-0.000197425
-0.00400901
-0.0105817
0.0199872
0.000189481
0.0195826
-0.00569298
0.0176661
-0.00688469
0.0273586
-0.0041021
-0.00542279
-0.0012646
0.00312484
0.00068931
0.013114
0.00405187
0.0375463
-0.00393032
0.0161718
-0.0453601
-0.0101627
-0.0276678
0.0122012
-0.0283268
0.0111406
-0.0327176
0.00262101
-0.0298083
-0.0173752
-0.0526364
-0.0249295
-0.0242314
0.0133461
-0.0219542
-0.00294438
-0.0151267
0.00241363
-0.0235689
-0.00440098
-0.0261655
-0.010287
-0.0216198
0.0106127
-0.0340887
-0.0308411
-0.0260071
-0.00780388
-0.0345128
-0.0150022
-0.0289103
-0.00627758
-0.0390055
-0.0189623
-0.02749
0.000630171
-0.00631367
0.0367604
-0.0951885
-0.212812
-0.185953
0.185562
-0.114545
0.0456562
-0.100143
0.12625
0.00503015
0.00598909
0.00669826
-0.000566845
-0.00838756
-0.00516769
-0.0218314
-0.0128654
-0.00271592
-0.00206767
0.00787135
0.0301662
-0.00765297
0.00231997
0.00608995
0.0120565
0.00516789
0.0186511
0.00394371
0.00753482
0.00290316
0.0103133
0.00298642
0.00833721
0.000342194
0.00703521
0.0065998
-0.00436607
0.00227881
0.00616749
0.00318379
0.00921142
0.00722448
0.00773927
-0.0126909
-0.000829285
0.000934999
0.00301304
-0.000966586
-1.93134e-005
0.0527933
0.0422332
0.00175316
3.78883e-005
0.0633378
0.0511117
0.000157361
0.000935491
0.130933
0.102046
0.00263158
0.000220003
0.0923741
0.0799496
-4.36047e-005
0.00102897
0.152436
0.125532
0.00200834
0.000327113
0.113241
0.101297
-0.000537895
0.000534315
0.243322
0.227599
-0.000396388
1.7666e-005
0.0485965
0.043457
-3.80517e-005
0.000356817
0.118811
0.103267
-0.000426371
0.000659188
0.077872
0.0674234
-0.000122932
0.000380754
0.0538233
0.0434891
0.00182241
0.00135414
0.108759
0.0985247
-0.00129883
-0.00183355
0.0592448
0.0572529
-0.000118255
0.000122952
0.184518
0.174436
5.9256e-006
-0.000290121
0.0934904
0.0804304
-0.000306612
0.000546453
0.136914
0.13054
-0.000182476
-0.000243081
0.061159
0.0545903
0.000112672
0.00029606
0.0952596
0.0855856
-0.0014176
-0.00336542
0.151939
0.13733
-0.0010687
-0.000872465
-0.000649214
0.00164552
-0.00028843
-0.000468859
-0.0043944
0.00413526
4.76229e-005
0.000316766
-0.00327447
0.00836313
2.37974e-005
0.000102019
0.00128973
-0.000597418
9.73656e-005
0.000168957
0.00372972
0.0039325
0.00355405
0.00559563
-0.012172
0.00136382
0.00251003
-0.00250073
0.00809654
0.00868126
0.0025641
5.1846e-005
0.0136492
0.00909055
0.00243098
-0.000807423
0.0162437
0.0159822
-0.00049427
-0.000431079
0.0089423
0.00524125
0.00440526
-0.000121305
0.0205298
0.00493008
-0.000294891
-0.000872252
0.0173313
0.0149386
0.00219164
-0.00292708
0.0118136
0.00698687
0.000141842
0.000665818
0.0134593
0.012606
0.00103932
0.00173624
0.0152642
0.0106171
-0.000376062
-0.000352608
0.00508255
0.00371493
-0.000533603
-0.00173112
0.0107386
-0.00775847
-0.00024484
-0.000217345
0.000511294
-0.00158374
0.00197259
-0.000125527
0.000997853
-0.00143458
0.000361905
0.000406569
-0.0103577
-0.00177846
-0.0122753
0.000140247
-0.00132747
0.00194509
-0.0130985
-0.000452456
-0.0193077
-0.0164484
-0.0169564
-0.00273877
-0.012853
0.0100525
-0.00600399
0.00433011
-0.0166309
-0.000142119
-0.0139765
0.00102275
-0.0120188
0.00618586
-0.0287727
-0.014271
-0.00595185
0.00470499
-0.00736913
0.00635798
-0.0122924
0.00291001
-0.00679834
0.00548135
-0.00460459
0.00358541
-0.0110499
-0.0107258
-0.0153173
-0.011684
-0.000596384
-0.000451478
-0.00139405
-0.00120327
-0.00228252
-0.000697831
-0.00107669
-0.000957119
0.000692941
-0.000698154
-0.000417533
-0.00364887
-0.00256167
-0.00431152
0.000420216
-0.00204907
-6.15844e-005
0.00257813
-0.00321719
-0.00318713
0.00149741
0.000868651
0.00292332
0.00298024
-0.000610052
0.000473089
-0.00166776
-0.000148131
0.000707566
0.00166436
-0.00339411
-0.00260578
-0.000563843
0.000573095
0.000197577
-0.00039278
0.000482662
0.000283243
-0.0223222
-0.0505198
-0.0234798
-0.0379005
0.0290614
-0.0139279
-0.00710814
-0.0197083
-0.0287265
-0.0594333
0.00177445
0.0860602
-0.0117696
-0.0374542
-0.0284721
-0.0577321
-0.139196
-0.0365927
0.138648
-0.00947579
0.0680427
0.034344
-0.0220679
-0.0706923
-0.00982475
0.0862812
-0.0183264
-0.0154647
-0.071088
-0.041553
0.0769778
0.0354391
0.0462601
0.0307738
-0.0186028
-0.0455417
-0.0244431
0.0650061
-0.00961704
-0.022019
-0.00519839
0.023865
-0.0667199
-0.0308554
0.109916
-0.02815
0.105556
0.0569256
-0.0533612
-0.144516
0.0426734
0.139678
0.00235901
-0.00511982
0.107973
0.0386703
0.0425723
0.0253684
-0.0092808
-0.0432518
-0.0328606
0.0554722
-0.0001056
0.00933117
-0.00934829
0.0214431
0.162779
0.0773658
-0.0329888
-0.1452
-0.0411566
0.0727647
-0.000680222
-0.0118
0.0221485
-0.0217102
-0.0402812
-0.0276929
0.00389776
-0.0195144
0.121274
0.0628246
-0.036818
-0.109356
-0.0147255
0.0708165
0.00483564
0.00966361
-0.0151637
-0.0335941
0.0588371
-0.0015914
-0.0256577
-0.0329496
0.101885
0.0453626
-0.0258378
-0.104318
-0.0412095
0.0652322
-0.00268207
-0.0131806
0.0327541
0.0206686
-0.0152889
-0.0421535
-0.02372
0.0416576
0.00935813
0.0208753
0.0217404
-0.0506019
0.0483793
0.0620227
-0.047119
-0.0944898
0.0448954
0.0729175
-0.000785991
-0.0037846
-0.0287398
-0.0520185
0.106944
0.0678903
-0.0594417
-0.154198
0.0444815
0.102375
-0.0212453
0.0135296
-0.0137329
0.0122075
0.0227412
-0.00630792
-0.0238748
-0.0118725
0.0889992
0.00512063
-0.223333
-0.0700052
0.128063
-0.0148016
0.184126
0.114894
-0.0291996
-0.11313
-0.00810121
0.00827763
-0.0249089
-0.00752929
-0.0200783
0.010677
0.0101156
-0.0130846
-0.154271
-0.00232305
0.121724
-0.0239889
0.0283893
0.0241883
-0.0207034
-0.00193821
-0.0157136
0.0170391
-0.00552001
-0.0301642
-0.126047
0.0136221
0.127731
0.00951126
0.0115799
-0.00426634
0.00750667
0.0108803
-0.0159752
-0.0017125
-0.00638715
-0.0111042
0.121007
0.0347445
-0.0139164
0.00628297
-0.0363296
-0.00540391
-0.0195979
0.00792359
0.0901056
0.0608428
-0.0929468
-0.0133071
0.0801206
-0.016344
0.0184167
0.0336002
0.00500401
0.0130214
-0.0136694
0.0157595
0.0988822
0.0420513
-0.00198299
-0.00908446
-0.0123261
0.011666
-0.0196019
-0.00292676
0.139066
0.0402403
-0.0126023
-0.0257994
-0.00138161
0.00171406
-0.0160227
0.00619873
-0.0456852
-0.0046276
-0.123057
-0.0260695
0.0956241
0.0171416
-0.00177866
0.0102669
-0.0119049
-0.02003
-0.0233202
-0.0113959
-0.000989022
-0.0102092
-0.0948238
0.00266161
0.103148
0.00898608
-0.000455752
0.0235577
0.00526465
0.0109146
-0.0228534
-0.00501649
0.000373143
-0.0061047
0.101378
0.0377446
-0.00840503
-0.00461141
0.00285909
0.0211766
-0.0265832
-0.000771396
0.0688218
0.0628301
-0.0411775
0.00261896
0.042647
-0.0502893
0.0130561
0.0489748
-0.00655776
-0.0190409
-0.0267203
-0.0223281
-0.129992
-0.0563392
0.138456
-0.0173241
0.116358
0.0740184
-0.0280431
-0.104798
-0.00490311
0.0702958
0.00193651
0.00230946
-0.018379
0.0303398
0.0521202
0.00860922
-0.00313937
0.00827397
0.00323384
0.00374799
0.011853
-0.0276675
0.00179298
0.0103849
-0.00210596
-0.000968337
-0.0200885
0.0135768
0.0672008
0.00990191
0.0323669
-0.0200496
0.0067316
0.0187544
-0.00225611
-0.0051995
-0.0251201
0.00570393
0.0897197
0.0164349
0.0356433
-0.0365744
0.00465368
0.0321769
-0.0152278
-1.34152e-005
0.00718665
0.0385473
0.000845385
0.000286667
-0.00484043
-0.00942153
0.006746
0.0116241
0.00525384
0.0291948
-0.000908331
-0.00235899
-0.00292836
-0.00553872
-0.0132215
0.00315794
0.00472074
0.01811
-0.0046797
-0.0145857
-0.00233454
0.00978359
-0.036607
-0.0279021
-0.0353061
-0.0926671
-0.0494904
-0.0476937
0.129011
-0.0127573
0.189303
0.104569
-0.0540216
-0.170809
0.0489881
0.0979392
-0.00737241
-0.0191912
0.0141472
-0.00372936
-0.0604227
-0.0433424
0.122259
-0.0159683
0.138353
0.077477
-0.0391883
-0.127832
0.00560592
0.0948679
0.00812109
-0.00268397
0.144302
-0.0311782
0.257188
0.0894399
-0.0161767
-0.166298
-0.0691124
0.119105
0.00119889
-0.0119719
-0.0390239
-0.0732276
-0.146678
-0.0463712
0.106335
0.0477675
0.0336365
0.0140815
-0.0124627
-0.0384546
-0.0323444
0.0553649
-0.00653217
-0.0227018
0.102071
0.0337464
-0.243749
-0.0509128
0.109068
-0.00559506
0.141385
0.0704245
-0.0368124
-0.1242
0.00211995
0.0968992
-0.0045323
-0.0107081
-0.00770319
-0.17188
-0.104029
-0.166276
-0.136135
0.0704708
0.0660389
-0.107609
0.0489633
-0.113775
-0.204511
0.0589605
-0.10378
0.0450743
-0.106237
-0.0163782
0.0103366
0.0285191
0.126649
-0.141718
0.000329792
-0.0569211
-0.000853253
-0.0130904
-0.15649
-0.0321569
0.0531481
-0.112804
0.0261839
-0.135804
-0.196756
-0.00499517
0.10739
-0.014615
0.0928576
0.0481562
-0.0251623
-0.0806003
-0.0141574
0.0753951
-0.0102741
-0.0401238
0.0680459
0.00452983
0.0878914
0.0306026
0.10274
0.0435948
0.122342
0.0764466
-0.00466372
0.0175924
0.00582687
0.0334742
-0.0113245
0.0268438
0.000192434
0.042008
0.086997
0.0432386
-0.0158244
-0.0476658
0.120913
0.0681415
0.100008
0.0465199
0.154201
0.0639874
-0.0645337
-0.0578485
0.105943
0.0437716
0.00198614
-0.0890323
0.0441266
-0.0694345
-0.0519556
0.0249025
-0.0611355
0.0295541
-0.0618794
0.0484624
0.029395
-0.0314181
0.00140277
-0.035042
0.038453
-0.068965
-0.0533392
-0.0283543
0.0806821
0.0267565
0.0149525
-0.0229563
-0.00436789
-0.0261362
-0.0157175
-0.0190565
-0.0233974
-0.0422097
-0.0333562
-0.0195414
-0.0226716
-0.00487632
-0.00907729
-0.00933213
-1.22316e-005
-0.013715
-0.0129038
1.00262e-005
-5.1429e-005
-0.0155734
-0.00263831
-0.000797948
0.00108358
0.000377091
-0.00047944
0.000625547
-0.00877541
-0.00347476
0.000100666
-0.00451576
-0.00529602
-0.000344655
-0.000428044
-0.014458
-0.0317302
-0.000216598
-0.0363935
-0.000377239
-0.0380475
-0.0324614
-0.00887501
-0.0134101
-0.0013507
-0.00226261
3.66746e-005
-8.35921e-005
-0.0166748
-7.40928e-006
-7.7056e-006
-0.0109056
-0.0205633
0.000301459
0.000410773
9.99624e-005
0.00487913
0.00969717
0.000833612
-0.000511615
-0.0010355
0.022734
0.0116295
-6.32295e-005
-0.000192296
0.000768398
0.00643848
0.0267324
0.0190182
0.0109198
0.00233363
0.000127637
0.00158891
-0.0125601
0.00242512
0.0179955
-0.00255886
0.00084855
-0.00243189
-0.031759
-0.0163853
0.00130413
-0.00595636
-0.0040704
-0.00718729
-0.00879838
-0.00135182
0.0135653
0.00504647
0.00283882
0.00208575
0.0114659
0.0145856
0.0218785
-0.0028094
-0.00868471
-0.00452592
-0.0241977
-0.0114128
0.00188506
-0.00698975
-0.00762592
-0.0126466
-0.012636
0.00013369
0.0167689
-0.00158153
-0.00483468
-0.00261173
0.00490462
0.00803992
0.0116234
-8.23879e-005
-0.00249084
-0.000344372
0.00232538
0.0060653
0.0113618
0.0101449
0.00737983
0.00938963
2.28712e-005
0.0023505
0.00548931
0.00307974
0.00145403
0.00130989
-0.0013353
-0.0109695
0.00285622
-0.0354701
0.00363645
-0.0438512
0.00210982
-0.00899856
0.00440406
-0.0188225
0.00341262
-0.0395534
0.00496967
-0.00598069
0.00565778
-0.0187288
0.0157876
-0.0269325
-0.00410923
-0.010027
0.00812117
-7.15803e-005
-0.002392
-0.0462977
-0.00436831
-0.00724069
0.00837087
-0.00756043
-0.000331461
-0.0450267
-0.018822
-0.00249577
0.00489504
-0.00722578
-0.00867488
-0.0208504
-0.0162098
-0.00378288
0.00442006
0.00134753
-0.0275306
-0.0352226
-0.0262747
-0.00654579
0.000289795
-0.00468127
-0.0164893
-0.0142553
-0.0384138
-0.00129435
0.00686352
-0.0154495
0.0305118
0.026879
-0.0191619
-0.0015344
0.0035935
-0.0179525
-0.00275422
-0.00666243
-0.0160726
0.000432589
0.0067683
-0.0229456
-0.000110098
-0.00815236
-0.069196
-0.0397755
0.00129373
-0.000228752
-0.0012633
-0.0491718
-0.00358417
-0.00427682
-0.000267993
-0.000135551
0.0039076
9.67565e-005
0.000778982
0.00185448
0.00284591
-0.0020522
0.0221124
0.0170635
-0.010523
-0.00802587
-0.0165051
-0.00613707
-0.0086571
-0.00635227
-0.00983928
-0.00994159
-0.00122564
-0.00129273
0.0187033
0.0178728
-0.00215407
0.00248133
-0.00495153
-0.00607686
-0.00201966
0.00252822
-0.0147351
-0.012394
-0.00224505
-0.00486873
0.00433641
0.00565616
-0.0110384
-0.00531461
0.00274313
0.006746
0.00290386
0.00458273
-0.0023205
-0.00229431
-0.00597151
-0.00150481
0.0251036
0.0266394
-0.00197559
-0.00483412
0.00786211
-0.0035896
-0.000940894
-0.00480135
-0.00853568
-0.011857
0.00106093
-0.00357754
-0.00298842
-0.00679598
-0.00605572
-0.00574708
0.000530727
-0.0267067
-0.000817315
-0.0074934
-0.00191059
-0.0393911
-0.0129388
0.00295587
-0.000686135
-0.0607763
-0.0071831
-0.00517475
-0.0089486
0.0125801
-0.00676076
0.000446721
-0.00455468
-0.0183845
-0.00733766
0.00321424
-0.00795898
-0.00719263
-0.0048096
-0.00294365
-0.0389154
-0.0061893
-0.012572
-0.00150065
-0.0173467
0.0477649
-0.00557321
0.00276617
-0.0343199
-0.00380687
0.00498701
-0.006046
0.0125701
0.0175396
0.00877995
-0.0172145
0.0339772
0.0100258
-0.00466068
0.00680925
-0.00314908
-0.0139783
-0.00401834
0.0064474
-0.00239133
-0.0107543
0.00801355
-0.0386021
0.0108126
0.0131008
0.0145206
-0.0181893
-0.000889808
0.0159062
0.00603094
-0.0223366
0.00114481
0.0130509
0.0108566
-0.0318966
0.0201922
0.0108064
0.00482633
-0.02422
0.00139911
0.0134355
0.0103952
-0.0205021
0.00353646
0.00703639
0.00681809
-0.0144326
0.00147703
0.00128905
0.00926626
-0.0181928
0.0380698
0.0149814
0.00430937
-0.00179639
0.00849849
0.00295027
0.00135237
-0.0329995
-0.0264031
0.000477433
0.00916296
-0.00269195
-0.00601011
-0.00102037
0.0253853
-0.00604738
-0.0111687
-0.00157823
0.00379184
-0.0275365
-0.0242746
0.00273057
0.00286596
-0.0415872
-0.0212128
-0.00100489
0.00307073
-0.0455078
-0.0259756
-0.00127391
0.0205835
-0.0399117
0.00347225
-0.00402578
0.0119051
-0.023896
-0.00213789
-0.00818821
0.0212518
-0.0387225
-0.0100021
-0.00790639
0.0112926
-0.0265108
-0.0038233
-0.00839722
0.0116131
-0.028403
-0.0086546
-0.0123865
0.0205276
-0.0474125
-0.00155933
-0.00470955
0.0209913
-0.0271119
-9.19569e-005
-0.00906461
0.0142277
-0.0237361
-0.0016798
-0.0100111
0.015822
-0.0203051
-0.000646902
-0.00917034
0.0133381
-0.0218159
0.00232402
-0.0111902
0.0157666
-0.0180727
-0.000695062
-0.0109835
0.0342363
-0.0135624
0.00623429
-0.0050187
0.00381967
0.0114922
-0.000901983
0.004287
8.35714e-005
0.0211297
-0.00340696
-0.000341536
-0.00854951
0.0136916
0.0169159
0.000771096
-0.00672751
0.0151753
-0.0179759
0.000527601
-0.00204875
0.0158309
0.0108056
0.00205355
0.019342
-0.00587056
-0.00961236
-0.0233144
0.0123944
-0.0136875
-0.00469075
-0.00472433
-0.00492667
-0.0014691
0.00214789
0.00183695
0.00288434
-0.0230392
-0.021981
-0.0225196
-0.0012366
0.000902761
-0.00239015
0.0054902
0.00437823
-0.0287312
0.0125974
-0.000320931
0.00688295
-0.0121617
0.00333459
0.00434914
0.00356042
-0.0247823
-0.00311473
-0.0138506
-0.00136135
-0.00605653
-0.00184277
0.0057418
0.00368581
-0.0394078
0.000185501
-0.0171947
0.000833692
-0.0152781
-0.00757819
0.000105676
0.0033485
-0.0275445
-0.00453235
-0.01597
-0.00330738
-0.00712912
-0.00396748
0.00520865
0.00312825
-0.0458935
-0.0324167
-0.0267707
-0.000894692
0.00695281
0.00480142
0.0160669
0.000851538
-0.0115003
-0.0174269
-0.0149639
-0.00121378
0.00499555
0.00088128
0.00666153
0.00330252
-0.0297448
-0.00596526
-0.0163141
-0.00291769
-0.00569933
-0.00359081
0.0059636
0.0022772
-0.0188237
-0.00644862
-0.0125398
-0.00208962
-0.00197742
-0.00147414
0.00608025
0.0049785
-0.00995922
-0.00945509
-0.0116128
0.00103424
0.000794603
-0.000648715
0.00589214
-0.000950954
-0.0312935
-0.0148423
-0.0274159
-0.00886179
-0.00698399
-0.0118436
0.00206178
0.000508331
-0.0113255
-0.0161659
-0.0132242
-0.000330089
0.00426065
0.00222401
0.00713386
-0.000766435
-0.0229538
-0.0136611
-0.0129623
0.000879942
0.00164132
0.00335374
0.0099771
0.00229754
-0.0235512
-0.00113531
-0.0122871
-0.00182925
-0.00315984
-0.000823905
0.00671959
-0.000662017
-0.015991
-0.0156219
-0.0129095
4.37942e-005
0.0039803
0.00329372
0.00953199
0.00132942
-0.0101148
-0.0132126
-0.0112253
-5.6414e-005
0.00219238
0.00106859
0.00505734
-0.0074767
-0.014179
-0.00625167
-0.011594
-0.00605778
-0.00878948
-0.00578901
-0.000675198
-0.00403126
-0.0286955
-0.0112888
-0.021024
-0.00598871
-0.00879157
-0.00766635
1.82038e-005
-0.00307342
-0.0040917
0.000410616
-0.0037727
-0.00178987
-0.00403265
-0.0019786
-0.000981272
0.00140444
-0.0107474
0.00257624
-0.000297389
-0.00140096
-0.00297222
-0.00367076
-0.000723539
0.00150244
-0.0154003
0.00289419
-0.00290556
-0.000644442
-0.00206853
-0.00317058
0.000449128
-0.000241589
-0.0013923
-0.00280445
-0.00267582
-0.00300659
-0.00270011
-0.00291574
-0.00294166
0.00987448
-0.00461583
0.00973314
-0.000460915
0.00526369
-0.00181595
0.00136049
-0.00470444
-0.0118222
-0.0119169
0.0127305
-0.00765535
-0.00426448
-0.00751115
-0.0117206
-0.0083162
-0.00450961
-0.00778458
-1.73142e-005
-0.0071814
0.00052141
-0.000563652
-0.0166624
-0.0020797
0.001356
3.87359e-005
-0.000223604
0.00255141
0.00307008
0.00157126
-0.0139014
-2.41876e-005
0.00239234
0.00472059
-0.00497067
0.00342853
0.00222277
0.00610767
-0.00822741
0.00480994
-0.00425753
-0.0074152
-0.00197524
-0.00765164
0.00140278
-0.000508761
-0.0119523
-0.00175565
0.003296
0.00569544
-0.00294274
0.00781641
0.00128451
0.00284419
-0.0079487
0.00162885
0.00468294
0.00813358
-0.00114838
0.00932469
0.00562353
0.00450071
-0.00974907
0.00288984
0.000986478
0.000655361
-0.00317075
0.000492209
0.000562533
0.00289384
-0.00740026
0.00116654
0.00308346
-0.0011667
-0.00469135
-0.0040161
0.0008985
0.00277068
-0.0083729
0.000612778
0.00206608
0.00530002
-0.00302394
0.00474373
0.0018263
0.00439112
-0.00414902
0.0026914
-0.00985227
-0.00873749
-0.00133157
-0.0122066
-0.00683086
-0.00280838
-0.00998293
-0.00459944
0.00037874
-0.00200425
-0.00148899
-0.000289629
0.000400748
0.00297263
-0.00421929
0.00130956
0.000673667
-0.0042068
-0.00603599
0.0017606
0.000676036
-0.00159483
0.00401406
-0.000841446
0.00843196
0.0054183
-0.000690815
0.00749731
0.00282635
0.00059578
0.000987783
0.00187121
-0.0124244
0.018023
-0.0118296
0.0159402
-0.0203213
0.00739902
-0.0229029
0.0190848
-0.00995705
0.00181061
0.0318745
0.0323229
0.0324267
0.030355
6.8398e-005
-0.000113217
0.0274904
0.000948407
0.0010545
0.000609435
0.0124732
0.0036637
0.00452116
0.00968147
0.0121619
-0.000424181
0.00570907
-0.0229109
-0.0206654
0.000976003
0.030859
0.0267079
0.0170137
-0.000931304
0.00103822
-0.00297732
0.0527217
-0.000661981
-0.0126879
0.00308483
0.0109968
0.00642901
0.0961549
-0.00214478
-0.00536251
0.0225273
-0.00216786
-0.00610695
0.0421892
-0.0010095
-0.021953
-0.00634214
0.0293453
0.0301901
0.0311578
-0.00970948
-0.00334418
-0.00683073
-0.00643717
0.0733834
-0.0154445
0.00235745
0.0167643
0.0184214
-0.0102544
-0.00164793
0.00354451
0.0544074
-0.0069583
0.0111411
-0.0567726
-0.065998
-0.00749716
0.00204338
0.0214378
0.0160653
-0.00530625
0.0708939
0.0795452
-0.0339934
-0.0134288
0.0282944
0.0331443
0.110941
-0.00997115
0.00469375
0.0271792
0.0242842
-0.000572137
-0.0042842
0.0237476
-0.0062722
0.0354659
-0.00349029
0.00815356
0.00805333
0.00836662
0.0056926
0.00517639
0.00498833
-0.00140933
0.0138196
-0.00392475
-0.000772104
-0.00440444
0.0241109
0.0216021
0.00090501
0.00170609
0.0173174
-0.0211635
-0.0231033
-0.00186629
-0.00331051
0.0260073
0.00408492
0.00231629
-0.00118811
0.000557083
0.0127106
-0.079647
-0.000765341
0.00235635
0.0294658
-0.0471925
-0.00219482
0.0286529
0.0291614
0.0294445
-0.000384553
0.0179434
0.0172182
0.0178893
0.00358386
-0.0142668
-0.00533782
-0.0149569
0.0823832
-0.00040268
-0.00751258
-0.0218715
-0.0281201
0.0214467
0.00146671
0.00453547
0.00369097
0.00161084
0.00721291
0.00443582
0.00244941
0.00191583
-0.00160328
-0.00900424
-0.000426955
-0.00722782
-0.0150529
0.013847
0.0116589
0.00578244
-0.000528825
0.0174212
0.01067
0.00330364
-0.00163915
-0.000684492
-3.18579e-005
0.00425844
-1.25509e-005
0.00648166
0.0140104
0.00443464
0.00696377
0.0128018
-3.34662e-005
0.039703
0.0436445
0.0492756
-7.63732e-006
-4.09385e-005
-0.000354855
0.0764102
0.077084
0.0793355
0.00221447
6.1235e-005
-0.00347987
0.0100499
0.00840177
0.010382
0.00309111
0.000554591
-1.17436e-005
-0.00156741
0.00398871
0.00283644
0.00087367
4.53926e-005
-0.00140184
-0.00753472
-0.000555674
-0.00705474
-0.0132256
0.0182977
0.0194667
0.0127116
-0.000674922
0.0204521
0.0173025
0.0105149
-0.00107948
-0.00218511
0.0313305
0.034518
-0.000748457
-0.00144082
-0.0098147
0.00927191
0.000632671
0.0109561
-0.00160955
0.000195308
0.00193699
0.00412249
0.00947844
-0.000906391
0.00813468
0.00770121
0.00506768
-0.00142144
-0.00227683
0.000143797
0.00270979
7.40449e-005
-0.000362889
0.0035875
0.0085841
0.00231655
-0.00325013
0.00308132
-0.000951954
-0.000273569
0.000188419
0.00100623
0.00893793
0.00164608
0.00171228
0.00382066
0.000168005
-0.000597856
0.00911649
0.0001524
-0.000871331
-8.15909e-005
0.00274512
0.0160749
0.00797444
0.0037606
0.00459726
-0.00100527
0.00298204
0.00324785
-0.000998342
0.000243734
-0.000883091
-0.00043265
0.00145917
0.00201889
-0.00252647
-0.000372741
0.00166111
0.00226858
0.00438663
0.00657699
0.00352573
0.00766584
-0.000697857
0.000666426
0.0035818
-0.000867831
-0.00136698
-0.000394044
-0.000570609
0.000132892
0.0039846
0.000361713
0.000128247
0.0102566
-1.15639e-005
0.000222824
0.00479741
0.00316079
0.00700101
0.0101554
0.00526474
0.0042168
0.00184093
0.000738834
-0.00155745
-0.00508618
0.000806211
-0.00632449
-0.000820137
0.000685305
0.000124164
0.00437114
0.000321052
-0.000883498
5.05336e-005
0.000914735
0.00947389
-0.000150206
0.00324817
0.00470364
0.000204958
-9.15793e-005
-0.00303812
0.00159581
0.00220435
-0.0013609
-0.000750904
9.87174e-005
0.000416216
0.00322705
0.0019206
0.00224311
0.00382327
0.00197142
0.00904598
6.42412e-005
0.000244897
9.89036e-005
-0.000264506
0.00253773
0.000953796
0.0056591
4.01717e-005
0.00167961
2.78437e-005
0.00368944
-0.00166163
0.00558861
-0.000450585
0.0102797
0.00398577
0.00210707
-0.00124624
0.000295174
-0.000460759
0.00462906
0.00610382
0.00241009
0.00149823
0.000181423
6.60622e-007
-0.000725157
-0.00340398
0.00203297
0.000466788
0.0019064
0.00199463
0.0055756
0.00996088
-0.00390835
-0.00299478
0.000415152
0.00231478
-0.000305309
0.00186495
0.0022132
0.00288066
-0.000614296
-4.81978e-005
0.00173389
-2.73495e-005
0.0088907
-0.000309372
-0.00129368
0.00657599
-0.000871199
-0.000468214
-0.00168692
-0.00214286
0.000295522
-0.000295461
0.00297724
-0.000499968
3.16139e-005
-6.52782e-005
0.000302193
-4.04547e-005
0.00510883
-0.00057555
0.000369539
0.003061
0.0100126
0.00372788
0.00224233
-0.0016336
0.000627883
-0.00129895
0.00142675
0.00423381
-5.3884e-005
-0.00303893
0.00162525
0.00167317
7.60241e-005
-0.000895807
0.00316875
-0.00012009
0.0056248
0.00598124
0.0033818
-0.00209689
0.000461662
0.00171847
0.00346752
0.00043601
-0.000707867
0.00354099
-0.000132444
-0.00102868
-1.75381e-005
-0.00309293
0.00937851
-0.00104584
0.00909515
0.00121005
0.00498386
0.00502798
0.000486689
-0.000280914
-0.00112747
0.00340765
0.003592
0.00246832
0.00298136
0.0163648
0.0162533
0.0059225
-0.00149209
0.0238052
0.0237482
-0.0229168
-0.0338519
-0.11126
0.00120328
0.0211061
0.010708
0.0227625
0.000362872
0.013085
0.0271829
-0.0396701
0.00171716
-0.112383
-0.0105712
0.0293609
0.0238912
0.0198889
-0.000686504
-0.0141354
0.0116487
0.0214883
0.0414889
-0.0239673
-0.0304283
-0.00557401
0.00418745
-0.0660863
-0.0706935
-0.0917061
-0.00688513
-0.000371
0.00065302
-0.0403871
0.00222539
-0.0689832
0.00200739
-0.16512
-0.0459147
0.0330508
0.0311572
-0.0520748
-0.000786352
-0.0132179
-0.0485489
0.0184239
0.0277166
-0.0194993
-0.0299483
-0.0657757
0.00167617
-0.0464747
-0.128949
-0.0778251
-0.0127116
0.0380638
0.0714817
0.000123214
-0.0636034
-0.0478341
0.0339452
-0.0270999
-0.0143887
0.00141128
-0.0976042
-0.1691
-0.0290155
0.0256134
0.000451077
-0.0287279
0.0221853
-0.0277264
0.0011212
-0.1421
-0.0136744
0.0373173
0.0876697
0.0251484
-0.000547907
-0.0320842
0.00944731
-0.0222227
0.0302735
-0.0234547
-0.0102962
0.0318152
0.000132721
-0.0415192
-0.103435
-0.129473
-0.0249686
0.0276234
0.00499976
-0.000129289
0.0310034
0.00549395
0.0273015
-0.0115695
0.0258997
0.000143996
-0.064018
-0.0692261
-0.000781496
-0.00386941
0.0352
0.0336843
-0.000716345
-0.071292
-0.0728541
-0.0515502
-0.0117769
-0.0267433
-0.0184661
-0.0200135
0.00116904
-0.0612943
-0.0628916
-0.0975103
-0.0370752
-0.00337504
0.0864361
4.77211e-005
-0.0795777
-0.07545
-0.00538209
-0.0459058
-0.0014331
0.00239684
-0.067046
-0.154084
-0.0378665
0.00102141
-0.0476214
0.00735688
0.0257358
0.0139276
0.0705926
-0.0383045
-0.000378945
0.0197591
5.60179e-006
-0.0757267
0.0408423
0.0105722
0.00243145
-0.137753
0.018697
0.0019567
-0.0131885
0.000113745
0.0262184
-0.000457216
-0.0147762
-6.06892e-005
0.0031912
0.0097844
-0.0138636
9.6403e-006
0.0305267
0.0187303
-0.0174248
0.00146051
0.0174101
0.0225099
-0.0128362
0.00540672
-0.0546451
-0.00738097
0.00160961
0.0804189
0.0157368
0.0133546
-0.0519011
-0.0426949
0.0352856
-0.00159427
0.0168884
-0.0434645
0.00771397
0.00627649
0.00415383
-0.000367476
0.0435887
-0.00517076
-0.0302996
0.00145652
-0.00424689
0.0160677
0.0039895
0.0224698
-0.0596809
-0.00866342
0.00286218
0.0385305
0.0126362
0.0229059
-0.0476914
-0.036377
-0.000592917
0.0048698
0.0229395
-0.0579947
0.0137752
0.0205398
-0.0372661
-0.0202008
-0.0046673
0.00308956
0.0354276
0.0320743
-0.0361096
-0.0279031
-0.00546485
0.0127755
0.0190765
0.0160342
0.00174267
-0.000751985
0.0176282
0.00952607
-0.0361985
0.00410413
0.009254
0.0154167
-0.00377236
0.00418892
-0.0423486
-0.00699216
0.021113
0.0690721
0.0250445
0.00155549
-0.0522799
-0.0237527
0.0231036
0.00700932
0.0150099
-0.0311723
0.0160658
0.019446
0.0111555
-0.08406
-0.0046909
0.0823807
0.015029
0.0186656
-0.051467
0.034738
0.0253068
-0.0696106
0.0113216
0.00715121
0.0366339
-0.0341372
-0.0415449
-0.000245351
0.0151307
0.0117243
0.00470836
-0.0137138
-0.030206
-0.0150647
-0.0186608
0.0256047
-0.0464771
-0.0538109
-0.0253513
0.0211033
-0.000110587
-0.0342387
0.0226746
-0.0280176
0.000566968
-0.132196
-0.00864494
0.0167024
0.0389043
-0.0233284
-0.00255596
0.0471769
0.0147599
0.0106162
-0.0434049
0.00635006
0.00634317
-0.0552049
0.0095811
0.0133608
0.0652614
-0.0348559
0.0103011
0.00851678
-0.0215896
0.068973
0.00682477
0.0116064
-0.0288848
-0.0260319
0.0243872
-0.00755583
-0.00557979
-0.027983
0.0132455
0.00488657
0.00747633
0.0102153
-0.0132585
-0.0186761
-0.0163846
0.0340245
0.0064554
0.0131156
-0.0238368
0.0162694
-0.00971955
-0.0311237
0.0149786
-0.00273043
0.0124868
-0.00767839
-0.0248387
0.0149595
0.00236268
0.0142169
0.0906465
-0.0159119
0.0300534
0.0155126
-0.0227388
0.0661921
0.0137506
0.0158946
0.0118609
0.0118393
0.00437034
0.00466347
0.0201543
0.0194305
-0.000943514
-0.000658747
0.00497856
0.0049554
0.0252146
0.0115878
0.0243146
0.0117417
0.0139222
0.00488239
0.00154019
0.00569046
0.00943748
0.0195502
0.0221645
-0.00529176
0.000815361
-0.0911319
0.0249229
-0.04243
0.00355971
-0.190629
-0.0183737
0.0160539
0.000547478
-0.0429537
0.0180143
-0.0414888
0.00136288
-0.155611
-0.0200227
0.0531665
0.000143988
-0.0247941
0.0395696
-0.0570289
0.00133447
-0.242436
-0.0489433
0.0319425
0.00473125
0.00676447
-0.000248593
-0.00829435
0.0227541
0.0238103
0.0283717
-0.0198964
-0.0320308
-0.00126394
0.00155994
-0.0703867
-0.0684275
-0.0752699
-0.00933576
0.0184456
0.000562468
-0.0377336
0.0192746
-0.0435751
0.00193571
-0.164587
-0.0200116
0.0248261
0.000333026
-0.0103018
0.0240314
-0.0309337
0.00103838
-0.120741
-8.00506e-007
-0.332557
3.44424
-2.37371
2.47971
-0.954555
-2.74595
7.19104
1.53395
-1.78927
-1.94516
-0.546674
1.78611
0.364539
1.91087
-0.351294
7.11843
-1.3942
-1.36757
2.01404
2.56382
1.47049
1.30044
-1.39732
-0.719966
0.774488
-0.695318
2.80995
3.22043
1.07406
0.460241
-2.88204
0.987658
-0.685406
0.251071
-2.14767
-0.594037
-0.713041
1.82573
0.0220331
-0.0220886
0.898272
1.06821
-0.620547
1.6955
0.124909
0.122918
-0.708055
1.05676
-2.93772
-1.81189
-2.87465
-2.11169
-0.923108
-0.213355
-1.62567
-1.3946
-1.76479
-2.47588
-1.11826
-3.29764
0.748969
-0.037272
0.407671
-1.76322
0.761468
-1.00377
1.15161
-0.239814
-3.54836
2.53347
-0.146069
0.789288
-0.606006
-1.83358
3.33856
3.56783
-0.317589
-0.451168
1.09041
0.0524831
-0.613891
-0.421138
2.15034
1.5421
-1.50707
1.97988
-1.45533
-1.05174
-0.690488
0.131702
-0.821969
0.625827
-0.733798
-0.879727
-0.351501
-0.563049
-2.6355
-1.70157
2.5004
1.06295
0.158273
-0.818371
1.67324
0.152074
-0.346625
-1.4928
0.304315
2.49325
-0.968696
-2.98905
-0.364151
0.413128
1.65312
0.210093
0.0627
-3.82422
0.621231
0.639158
-1.2283
-3.18045
-3.6417
3.19655
2.35082
-1.35826
0.228145
3.18349
0.676306
-1.35549
0.0522753
0.470897
-0.456043
1.79491
0.0886994
-0.878318
-0.795643
-0.61345
1.64715
0.496639
0.58888
0.189749
1.10514
-0.393277
-0.423168
1.28945
1.92388
-2.6347
-1.42085
0.979836
0.716394
0.348891
-0.051993
2.23157
1.67606
0.713155
-2.00802
1.32792
-0.333465
-0.498739
0.0129904
-1.79603
1.9671
-1.1396
-0.911783
0.250735
1.51581
0.832478
4.12726
-1.00986
-2.24049
-0.290124
1.54111
-3.24087
2.17657
4.54752
1.91496
0.6915
0.859907
-2.65481
0.0684976
0.34778
-2.86845
0.186547
-0.552061
-0.253077
-2.2136
-0.488349
0.833927
-1.78132
-0.586556
-3.59682
-0.629202
-0.672999
-1.17721
-1.2932
-1.84534
-1.52848
2.54101
-1.8327
-0.573788
0.656032
-0.145247
0.712199
10.8988
-5.48589
5.2026
123.238
2.95623
-3.09681
5.98626
21.092
-1.83416
0.906196
-0.0449576
-8.7954
-116.713
-0.83537
5.12791
0.868054
-34.5969
-3.17098
2.24768
11.745
2.61995
1.49335
-0.139646
3.61237
-3.07414
0.251412
1.9696
0.96593
0.452638
0.562476
-0.273444
7.13873
-30.7938
-22.1239
-9.27773
0.0217705
5.74877
10.6482
-0.595516
-1.69872
-16.7007
-27.1037
-0.622732
-5.61773
8.24842
0.140678
1.69041
1.73179
-0.558568
7.18577
-1.45823
-12.7728
10.9382
1.16206
1.08556
-1.53376
0.736826
2.54858
0.753811
-1.41457
-0.598139
3.90936
8.4068
-1.96298
-1.39097
-1.10428
-0.678296
1.97915
-3.11334
3.99191
2.38264
4.8944
2.01476
-1.80319
4.09897
4.91216
-0.623776
0.457606
0.600058
3.4237
1.21893
-7.42562
1.13749
0.383222
3.43373
-2.43217
0.591712
0.0456057
2.44267
3.51869
6.07081
9.65295
5.11156
-8.19809
-0.0396485
-0.210489
4.0698
0.36167
-4.32374
-0.588852
-2.66184
-0.360591
1.78109
0.671274
3.14113
1.98951
1.05569
0.574787
-2.28437
-4.07619
-5.91748
3.49791
5.86455
3.3729
-2.13338
4.21529
-1.03312
-1.5683
1.40111
-3.29715
2.5797
-1.38627
-0.872237
-0.00502226
-2.77027
4.2921
3.5483
-1.84772
-0.120783
-2.328
1.17944
0.302735
1.76085
-1.00852
1.51266
-2.34649
1.219
-1.2756
-2.00184
-5.79653
-3.387
3.91646
-2.51423
1.13876
0.0956277
-1.06498
2.97428
-0.503761
6.92121
4.54599
-6.08729
-2.06958
-3.38898
-5.86927
-8.59685
-8.21375
-0.19253
-4.99612
8.13146
-1.69391
-1.01879
-1.68559
3.32671
3.82148
2.93905
5.27245
8.26712
5.87078
-2.0549
-4.12997
-2.52594
-1.11953
3.46841
-1.85934
2.47798
2.50818
1.06973
-2.46589
3.08536
1.69506
-1.9059
15.7928
-16.2556
-5.13328
2.98245
-3.70081
1.38681
2.10284
2.90612
3.54355
-3.7539
-4.92061
7.0659
4.80501
-1.27436
-5.115
-0.943346
0.237148
5.87405
-1.07241
2.6391
0.46744
-3.84503
-0.400453
-0.951506
-0.53702
-1.54675
-0.520108
-3.66915
-0.97249
-0.955249
-4.52956
-0.539823
-0.429142
4.27139
-1.3819
6.58182
3.98883
0.661576
1.04882
-7.63106
-9.90221
0.550021
-0.592012
1.45437
0.251022
5.07939
4.61685
-0.858184
0.60348
0.472698
1.04909
-1.77052
1.15599
7.66953
-1.12046
3.46681
-3.64345
0.795379
-6.38446
-2.26396
3.08247
-5.95217
-4.07317
2.53727
-1.2904
-2.85713
0.518821
-4.94226
1.84196
-5.49042
-4.51336
-3.47222
3.37999
-2.45393
3.6407
1.791
-2.9435
-2.88947
-4.68508
-4.78881
-0.575377
1.45239
-3.83814
-1.45724
1.20394
-4.02629
-1.81334
-5.9544
6.91067
-5.29229
-6.35625
-3.04983
1.26356
-0.0352036
1.66548
5.19655
5.04903
-0.547587
-2.63166
-2.96595
-2.95056
2.19448
-3.61643
2.68772
1.21827
2.15476
0.818181
8.11454
1.6895
4.16415
1.99054
-1.85765
-2.7025
2.4074
1.61209
-7.34456
-2.76733
0.955486
-0.194492
-15.5446
-11.4162
-2.26391
0.0413639
-1.62387
2.30439
1.03344
3.33986
0.501759
-0.710771
0.219466
-3.66688
5.03219
1.89084
0.695401
-1.46643
4.88761
1.59582
1.52314
2.4719
2.74583
4.47322
0.768807
0.699832
0.576754
-1.81312
2.74597
1.91232
0.512825
1.25051
-0.322989
-0.516185
0.955809
-3.39884
1.73829
2.69911
-1.30376
3.80388
-1.35304
5.85728
2.63686
2.24244
2.37517
0.246093
3.26445
-0.211567
-4.82884
1.6311
0.0410227
-4.65717
-2.29768
-1.65155
3.25899
0.900397
1.19312
4.92237
-4.94675
6.77696
-1.53117
-2.19269
1.99787
0.160061
-2.00052
1.14229
4.88054
-4.00818
4.79691
1.95655
-0.0747393
-3.74477
-2.87589
-0.196144
3.15061
4.48994
-1.75026
-3.19197
-7.30927
-8.94929
1.53591
5.17909
2.82876
2.7099
2.96273
-4.7355
-4.3884
-4.42012
-3.53367
6.16813
0.177443
-2.42467
-2.00785
-5.07535
-2.13419
-1.90047
0.190118
-0.268
3.50485
3.31175
2.24654
-1.08189
4.94182
5.79172
0.611339
-2.05207
4.84438
5.2778
-6.77253
4.24031
0.918331
2.27387
1.12498
-3.9313
1.37191
-4.23386
-7.2619
5.62958
-0.724168
-0.920623
4.68676
-3.82719
0.139395
-5.11052
-8.67634
3.82227
4.73423
-5.16099
-0.511842
1.06568
1.95054
-0.727937
-1.86962
-0.362203
0.145342
-0.155549
-0.378635
0.547238
-0.188762
-0.788012
-2.99792
4.37959
-0.807593
-0.306506
-1.1237
1.4785
0.565695
2.37358
-0.996083
1.87006
3.18378
1.69371
1.50934
1.38847
1.45661
1.45991
0.494232
0.736689
-0.43239
0.531457
0.999076
-0.780354
1.10414
1.53361
3.60675
1.50144
2.38737
1.8012
2.1419
4.61855
2.36292
3.3965
0.96572
1.19617
-1.92498
-1.66129
0.299367
-0.554566
0.169909
-1.21693
-0.0751449
1.42644
0.961933
1.07602
-0.00767972
2.27229
1.13693
-2.53923
-0.913354
2.83421
-0.586301
-0.667077
1.68635
-1.62563
0.509468
-0.926594
1.90601
0.363647
1.73999
-1.16796
1.74297
0.799122
0.272749
-1.06841
-2.123
-0.826181
-1.31396
-1.95496
-1.00722
-2.00264
-2.50789
-2.46529
-4.6841
0.646121
1.79779
-0.00772872
0.772058
-0.915819
0.411084
-0.75921
1.37613
0.889127
0.14951
3.37921
2.89622
-0.960563
2.23503
-0.526177
0.992931
-0.0701548
-0.564461
-1.14722
-0.385901
-0.215838
0.517819
-0.231351
-0.54317
4.04899
-1.65905
-0.397152
3.60328
-1.45216
1.80933
-0.239797
-2.74092
-1.02652
1.31064
2.86277
-1.30455
0.966423
-0.920294
0.379203
-0.556761
-0.184996
0.460407
-0.377808
0.927685
-1.19169
-0.331855
-1.98176
-1.51914
-1.0614
-0.906526
-0.808582
3.16356
-0.935712
0.567989
-0.849917
0.360428
2.75831
-2.0133
-0.518161
-0.512403
-1.1364
-0.62407
-0.56117
0.362751
0.552223
-0.437604
0.586504
1.37311
2.13186
1.33774
1.14147
-1.11084
-2.78677
3.81501
-1.89446
-0.291212
-5.39253
-0.570998
3.17627
3.2914
1.43554
3.25179
3.60482
0.382867
-3.4444
0.020066
0.0934826
-0.827324
-1.69108
1.34511
-1.29132
-0.0907288
1.85777
-0.573012
-1.80206
0.594485
0.614011
0.220288
0.449366
-0.32344
0.969106
-0.557735
0.607749
3.27413
1.50571
1.64817
1.78565
-0.483746
-0.12274
-0.045994
-0.47022
0.883842
-1.29254
0.549384
2.0083
-1.61205
1.88297
-0.574735
1.34021
-0.611854
0.847065
3.46292
-1.71139
1.13983
-0.159893
-0.215691
-1.01723
-1.1465
2.32913
2.77237
-0.591273
0.873412
-3.23033
-2.29378
-3.40803
0.254322
-0.256881
0.233651
-0.64852
-0.000791013
0.114645
-0.526726
-0.327973
-1.12819
-2.62678
3.84151
-1.56617
0.367269
0.898192
-0.350216
0.346198
1.4128
1.29401
-1.14738
1.58835
-1.23259
0.530818
0.228034
0.354957
-0.341091
0.610695
0.312868
-1.18285
-0.724837
-0.00466569
0.585652
-0.00623264
-2.63359
-0.0195195
1.47176
0.0728129
0.402704
1.81688
0.285635
-0.939917
-0.178822
-0.166992
2.20979
-1.20684
0.0988565
3.11582
-0.681195
-1.84315
-1.07828
-1.27014
-0.22383
0.552551
1.11913
-1.65057
1.07624
-1.5449
2.38061
1.67816
1.48973
0.279269
-1.67706
1.79571
-0.0744374
1.49064
0.709093
0.567111
1.0094
-0.565647
0.861728
-0.209143
0.0132424
-2.14647
-0.347829
-5.93334
0.498405
2.89371
1.02751
5.94051
1.02661
-5.59029
-1.11958
-0.435094
0.888437
-1.58181
2.11289
-2.60647
-0.845487
1.61977
2.54686
-0.31775
0.26449
-0.531644
0.1086
-0.0358617
0.227057
0.563917
9.92056
-16.37
0.54537
0.923593
2.53062
-0.29846
-5.6006
-8.29197
5.38997
-4.24932
0.702221
-2.87235
2.71287
5.99402
1.87567
1.98052
1.46182
2.73306
-3.90205
2.13671
1.14798
1.49365
2.52687
2.12053
0.307864
-5.15171
-0.213219
0.255876
-3.03948
-4.07156
-1.67812
0.331055
-0.596847
-0.25501
2.59855
5.45988
1.92481
-1.72017
1.49946
1.16039
3.10937
1.03641
0.753032
-1.46761
2.6412
2.44913
3.15775
1.59489
-2.31049
-1.23367
-2.24221
-2.77148
-5.10258
0.176667
-8.58711
-8.756
-1.46503
0.365778
-2.62174
-1.35064
7.53736
-11.5853
0.278928
-0.0559364
2.13479
-4.68688
0.87476
0.428732
-1.86697
2.80554
2.82476
1.66587
3.93833
-0.650695
0.0337143
-1.10682
-8.07219
1.52273
0.479999
0.150053
-2.41618
3.49556
-2.08064
-1.35161
0.133287
-4.70709
-1.19897
0.323889
-0.945758
-6.18915
0.115192
-0.798981
-2.37672
-0.421065
1.66153
3.71325
3.06341
-6.93476
1.36857
0.75217
-3.64864
-2.9171
-1.68894
-2.41428
-0.424909
2.51786
-4.72711
1.37511
0.799882
6.85829
-2.47574
9.94723
5.29734
-3.69416
1.90558
0.950428
-3.82493
0.745605
-7.60203
-1.13789
8.82382
-2.10462
-0.877982
-0.151776
-1.82328
-4.1645
-2.90703
2.0759
-0.790819
0.10764
-3.63967
0.405006
-4.0666
-2.47989
-0.877229
-2.34095
-0.573524
3.31096
4.27826
-1.3121
-2.46535
-2.36727
-36.9971
7.96852
18.6034
11.473
-7.4906
2.13316
-11.7772
-4.75523
10.5881
-11.4364
-18.6215
17.7435
3.01493
6.61862
-11.449
-16.1829
26.5083
11.5788
-7.79576
5.90889
7.10025
-2.75449
-2.89913
-1.74814
-7.25431
1.74573
1.9969
6.21437
-4.86314
2.1638
-0.877334
1.49572
1.76463
-0.948769
18.0273
-8.04027
2.59481
-0.198428
6.35846
0.240032
0.965477
-12.5862
10.4521
-2.82449
-9.64009
6.19961
-0.0187115
-13.4294
1.83469
-5.11566
-1.55773
5.26712
-6.78717
3.44562
5.27996
-8.11639
0.908936
0.0317068
1.73605
-10.648
-1.22147
0.683008
1.5919
-1.9031
-2.95405
-1.40771
2.03586
3.6148
-1.45482
0.639593
-0.688718
1.60975
-22.7895
-11.3868
-8.81401
3.62242
-14.2785
13.8998
0.227445
10.4614
-0.326272
9.86974
2.09153
-0.726559
93.457
20.9445
1.16714
6.55897
-7.41754
-61.7446
-0.974733
-1.36784
-18.5762
-18.1672
1.72375
-77.6948
-0.240226
3.20173
2.98961
9.33437
-0.836738
2.06173
0.194125
-28.6226
8.25206
-4.62029
-9.3834
-7.00641
-11.496
66.0509
-11.4818
-5.76201
-0.603365
-19.7196
1.54161
15.321
1.37421
-2.04092
1.72986
8.81168
-3.21732
30.2307
-9.74454
32.9394
-3.95554
6.28749
30.0064
32.8628
30.6174
-2.39693
1.49502
-0.980613
3.16984
-2.42616
0.357462
-0.556583
-0.99538
-2.35521
-0.625495
2.24191
-9.37202
-8.70953
5.7697
-1.28081
-6.18116
0.975492
-2.28187
-1.0468
-17.5563
36.6654
-6.13054
2.64998
-0.19548
5.35653
7.32693
-0.87927
8.02715
-1.43868
3.1545
-21.4225
0.947588
25.5802
-7.30289
4.28005
-0.174248
-5.9378
59.9834
2.02272
-2.8014
6.301
-0.304068
-1.5668
32.9833
-0.604377
-1.29316
-13.2171
-18.7598
21.712
-16.0443
0.752857
1.82494
32.4584
-5.76233
1.84299
-11.9128
-102.878
0.407033
-0.064497
-4.50362
5.8226
-15.2479
-1.29335
-48.9752
5.30622
-1.59845
-25.1188
0.123905
-17.2049
-7.24881
18.6539
-13.2754
1.56159
-0.90107
2.12337
-37.2372
34.1188
0.616839
0.640432
-5.0623
-6.70718
111.689
-2.13554
4.07622
-9.75358
-1.06182
121.529
8.51151
-6.59851
-9.6972
1.02344
-0.427338
1.59683
0.00387544
1.26807
-69.7654
5.56787
-8.06045
-5.24402
-8.80273
0.0717413
-21.6454
2.95838
-9.42781
-1.50072
-6.16594
-2.73465
-3.55368
-3.50165
1.35103
0.141817
-18.7352
10.4541
11.2366
-2.30399
-10.4676
-13.5981
5.60358
-10.5277
-7.78469
-7.4851
-3.86105
-31.9965
0.393593
28.464
-5.06131
19.1647
-0.33859
-2.49096
1.33099
-0.479188
-5.42746
-10.8355
-33.1236
3.32703
39.0632
10.0417
-7.22307
-1.84253
-1.07629
2.06785
3.17776
-14.2646
-1.29741
9.9257
-13.328
1.0734
-1.20366
-12.6032
-14.269
8.88724
0.384593
-19.543
-7.29416
-3.9196
-27.1249
-17.0416
1.26529
-0.492065
-0.489416
6.08569
-4.95556
0.0919013
0.134259
0.0723756
0.0161057
1.97139
0.0935879
-1.24386
-1.3699
-2.08333
-0.4296
-0.408252
-2.16718
0.515039
1.89181
-2.48293
-0.0610284
-1.41693
-5.54683
0.505945
0.842249
0.18228
-0.776485
1.4105
0.886427
-1.58488
-0.726166
-1.53868
6.55319
-1.70545
0.267254
-0.438186
1.34037
3.12719
-1.04873
0.40061
0.85421
-1.76193
-1.37459
1.10344
-2.48625
1.96525
-6.20393
6.82803
-3.08514
6.06151
1.69455
-0.714739
1.0239
0.655023
1.43153
0.190576
-1.48389
5.57227
3.19936
-1.48417
0.927647
-0.114792
-6.89532
1.5772
3.23629
2.13032
1.25139
-2.1487
2.20642
7.78577
-5.80275
-2.29271
0.475491
-0.50206
3.41104
-2.76768
0.703833
-2.42471
1.45186
0.235575
-1.54944
-2.02681
2.14816
2.40717
-1.30784
-1.70019
-1.02938
2.60607
-0.596609
-1.07465
1.13823
-0.92777
-0.354451
2.18921
-0.0635045
0.353851
0.388887
1.24781
3.17102
-6.41242
1.2534
0.0539327
-0.902612
1.71219
1.70329
0.590914
1.92864
1.60922
3.25106
-1.02202
2.64074
2.42438
3.50084
1.10883
1.08182
-0.867673
0.261781
-0.998939
2.01544
1.92058
0.592564
-0.727773
-0.645376
-0.715048
-0.270995
0.0994422
0.96804
-3.87073
-4.16199
-0.760619
-1.91426
-1.27805
-3.23527
1.25421
0.106114
-2.69521
-0.614183
0.40591
-1.7105
-1.3484
0.44804
2.16486
1.05055
-2.07959
1.32078
1.80116
1.78122
1.2443
-0.0878507
0.976494
-0.0472084
-3.98135
-0.0850693
-0.655332
-0.0698802
2.60143
0.186959
-0.556842
2.84879
-4.24348
0.799189
0.0253599
0.0647418
1.30352
1.75253
-0.358545
0.319286
2.21912
-2.19843
-0.197497
0.595202
-2.44619
-0.515297
3.73738
-1.30107
3.43091
1.50528
1.24206
-0.528663
-1.61724
3.2346
-5.13209
4.9154
-0.121266
0.975174
2.55042
0.955301
-5.25088
-0.709042
3.11144
-1.6649
1.54248
1.29548
0.58745
-0.918677
-0.0923062
2.65614
-0.639236
-0.0630081
-1.44031
-0.832969
-1.41661
-0.362063
-1.60297
-3.07498
0.355261
0.0746048
1.29354
-0.50046
0.161022
-2.78289
0.624723
-2.53906
-0.396413
-1.32448
2.29955
-0.532941
-1.1412
-0.0782325
-1.06622
-0.0854762
1.67129
-1.34354
-3.97177
0.203262
0.586095
-1.34596
2.21762
1.13527
1.15524
-3.33476
-0.194065
1.6154
-4.4036
2.14769
1.08799
-2.27868
-1.1533
2.41894
1.3362
-2.53295
2.40507
-1.01199
1.03893
-0.452921
1.28727
-3.62312
3.57728
1.65675
1.95234
0.187097
0.921279
1.7288
-1.92419
0.436704
3.80646
-1.16789
0.091186
0.628019
-3.22792
-2.22109
2.22236
-0.288595
-0.81665
2.12209
-0.342849
-0.252482
-2.21414
-1.60967
-1.58269
-2.12596
-3.61584
-0.278587
-0.906287
0.425105
-0.654415
-0.196431
-0.726993
-0.909038
1.51353
0.118554
1.36461
-1.69816
1.95049
-1.67297
0.272716
-0.453668
0.589074
-0.0354492
-0.691505
-1.29554
-1.61988
0.393221
-0.411904
1.32965
1.08596
-4.66643
-0.288616
3.02449
-0.659594
-0.650372
-1.66546
6.07047
7.26086
3.73661
-6.14933
-4.91236
-3.58981
-0.605749
1.66199
-10.6323
-10.5424
-8.82842
2.93591
1.9493
-1.07498
2.39599
0.0231712
1.3799
6.44511
3.30742
-1.98945
-1.36255
1.51442
5.19831
-2.59664
0.949051
2.44824
-1.96516
1.09314
2.6106
-3.23971
-0.921639
0.743432
-1.51076
-1.45578
1.20254
-0.337993
0.403225
0.445578
-2.45076
-2.44946
0.267651
0.133137
0.201282
0.142922
1.06682
1.05874
0.222751
-0.467289
-0.835876
-0.412303
0.309827
-0.458497
-0.235932
-0.444952
-0.804101
0.856456
-0.177277
-1.7045
5.89598
3.71513
0.221707
-0.0916274
0.997289
-0.19014
0.39824
-1.25282
-1.66044
-1.31131
-3.52631
-0.116676
-2.34005
3.01793
-1.35375
1.58238
0.930414
1.3773
0.878483
-1.98413
2.31107
-1.34755
-0.581899
-0.599782
-4.69217
2.79744
1.33131
0.991385
-1.51494
5.29948
0.605299
0.763044
5.56655
1.75603
2.09114
-5.749
-3.75584
-0.191898
0.890392
-0.610337
-0.0936923
3.64084
3.14463
0.83237
-0.406735
-2.35303
0.741712
-2.52308
1.92597
-0.419718
-0.682013
-0.393562
-2.41561
0.839355
2.10002e-005
