3.82633
6.45203
8.55515
10.0254
12.0192
13.4571
14.1751
13.7158
14.1645
14.8205
16.0862
15.7673
17.0556
17.5648
16.9657
16.8682
15.9307
16.5838
15.6835
16.1667
16.3485
15.6472
14.9994
14.777
13.3422
12.764
11.0574
8.33225
6.49885
4.03583
6.30384
10.7749
14.6141
18.0511
21.4619
24.4414
25.6965
26.7482
27.6544
28.4845
29.2068
31.0004
31.7146
32.2783
31.6772
31.0209
30.7391
30.6097
30.3744
30.0875
30.4865
29.9958
27.9443
26.7079
25.3337
22.9557
20.117
16.4021
11.2155
6.55187
8.39488
15.32
20.4852
24.9181
29.8846
32.5239
35.6445
37.0236
39.6427
40.8306
41.7065
42.8094
44.3523
44.2749
44.3848
43.9566
44.521
43.7133
43.8403
43.2224
42.8009
41.2927
39.7947
37.1116
34.9334
31.6851
26.6517
22.0714
15.5667
8.59801
9.83364
18.4944
25.0505
31.3038
35.7845
39.9744
43.5736
46.5538
48.6311
51.0606
52.5927
54.0248
54.8027
54.8843
55.7209
55.5211
54.9349
55.3481
54.9517
53.2402
52.7626
50.5989
48.4994
46.1166
42.1927
37.5053
32.9571
26.2088
18.9568
10.9032
11.2726
20.7823
28.2922
35.3774
41.5747
47.0488
51.1316
54.1569
56.504
59.7022
61.6839
63.4529
63.6951
64.7223
65.4572
64.8651
65.1247
64.109
63.8739
62.8398
60.449
59.138
56.1299
53.0469
49.0877
43.9107
37.2724
30.0832
21.9068
11.8803
12.6943
22.5225
32.1155
39.1663
46.0617
51.63
56.1807
60.1114
63.6947
66.148
68.8862
70.2425
71.4625
72.0495
73.014
73.2207
72.3881
71.9662
71.4666
69.4011
68.0726
65.1718
62.2846
57.8237
53.0328
48.2889
41.3149
32.3862
23.6626
12.4311
12.6552
24.9836
34.3706
42.592
48.9721
55.8701
61.4649
65.0261
69.7152
72.3599
74.7648
76.5754
77.9548
79.0876
79.148
79.618
78.5421
78.6777
77.2783
75.9323
72.9488
69.7692
66.0201
62.7596
57.2909
50.9274
43.1807
34.8229
25.0095
13.7068
14.0147
25.1484
35.8757
44.1595
52.0799
59.1918
64.6662
69.3793
73.9187
76.9614
78.8936
81.5093
83.2741
83.8177
83.7963
83.5804
83.9486
82.6413
81.1014
79.08
77.1247
73.202
70.3538
65.7349
59.9963
52.6048
45.3692
35.6692
26.0354
13.8234
13.8345
26.0453
35.678
45.4398
54.4265
61.1667
66.895
72.1553
75.7783
79.3851
82.2588
84.9961
85.9541
86.7032
86.9691
87.2547
85.8133
85.2968
84.0748
81.7854
78.9633
76.1191
71.9377
67.6789
61.8965
54.252
46.2895
36.7198
25.7668
13.5428
13.7168
25.7967
36.0863
45.7495
55.0293
62.5001
68.4218
73.074
77.4453
80.5298
83.9401
86.1438
88.1584
88.325
88.4507
88.3716
88.0006
86.3825
85.7974
83.7235
80.9157
77.1878
73.2691
67.8467
61.6866
54.6697
46.9395
37.2905
26.7833
13.6602
14.4228
26.1616
36.5248
45.5902
54.7555
62.2332
68.0237
73.3915
77.2732
81.4001
83.7741
86.0298
88.1687
89.4321
88.9822
88.9803
87.7827
86.7308
84.9139
82.8729
79.9932
76.6171
72.13
67.0757
61.8841
55.2677
47.3464
37.52
26.757
13.6284
14.3387
25.3229
35.4635
45.5299
54.0356
60.4651
67.0436
71.7659
76.2913
80.3335
83.5615
85.8899
87.0478
87.5643
88.3963
88.0414
87.7576
86.3355
84.427
81.543
79.1455
75.2646
70.7408
66.0524
60.936
54.5156
46.5966
37.2972
26.1331
13.4036
13.1104
24.9239
34.5485
43.4778
51.6404
57.8071
63.7021
69.9533
74.663
77.7547
80.5049
82.49
84.8684
85.52
85.5614
85.4354
85.1387
83.4496
81.6416
80.0135
76.7903
73.3984
68.7675
64.2688
59.3171
52.7369
44.9678
35.8471
24.6049
12.7875
12.5068
22.8836
32.8918
40.9167
47.8704
54.5174
60.096
66.3253
70.4549
73.6858
77.2336
79.4964
79.9692
81.4805
81.1173
80.9402
79.8711
79.2638
77.9651
75.0873
72.648
69.5723
65.6348
60.5882
56.0693
49.3388
41.3618
33.2072
23.3911
11.8294
11.2101
20.7053
29.9661
36.8668
44.2097
49.6874
55.8001
60.8485
64.6858
68.5336
71.5487
73.687
75.1853
74.8034
75.4123
75.5217
74.828
73.2246
71.7864
69.7754
67.4267
64.4447
60.0566
56.5019
50.7472
45.1857
38.3405
29.845
21.1774
10.9926
9.01809
17.5941
25.3277
32.3858
38.6178
44.3677
49.4986
54.0656
57.9953
61.3072
64.0283
66.0647
67.3094
68.0096
68.2475
68.1534
67.5154
66.3976
64.8449
62.9177
60.5
57.4727
53.9348
49.7073
44.925
39.3302
32.9498
25.7487
17.7399
9.09936
7.63868
14.9966
21.8903
28.2169
33.991
39.2166
43.9206
48.082
51.6937
54.746
57.2264
59.1131
60.4195
61.1924
61.5069
61.3801
60.815
59.803
58.3635
56.491
54.1535
51.3183
47.9473
44.0295
39.5163
34.3822
28.595
22.1711
15.1712
7.71366
6.55943
12.9413
19.0028
24.6575
29.8622
34.6035
38.8718
42.6585
45.9521
48.743
51.022
52.7869
54.048
54.8317
55.1667
55.0741
54.5619
53.6342
52.2916
50.5282
48.3287
45.6717
42.5378
38.9065
34.7612
30.0884
24.8915
19.1984
13.0739
6.62488
5.67451
11.2244
16.5433
21.5523
26.2011
30.4588
34.3061
37.7284
40.7135
43.252
45.3378
46.9706
48.1575
48.9121
49.2504
49.1856
48.7264
47.8765
46.636
45.0004
42.9607
40.5053
37.6222
34.3012
30.5362
26.3292
21.6957
16.6715
11.3176
5.72268
4.92113
9.74984
14.4033
18.8146
22.9338
26.7259
30.166
33.2361
35.9225
38.2156
40.1095
41.6032
42.7001
43.4077
43.735
43.6904
43.2803
42.5079
41.3738
39.8755
38.0086
35.7671
33.1459
30.1422
26.7579
23.0032
18.8996
14.4841
9.81124
4.95391
4.26388
8.45641
12.5118
16.3738
19.9971
23.347
26.3974
29.1286
31.5262
33.5798
35.2833
36.6339
37.6326
38.2831
38.5905
38.5598
38.1955
37.5001
36.4748
35.119
33.4311
31.4095
29.0537
26.3661
23.3539
20.0312
16.4217
12.5604
8.49485
4.28489
3.68003
7.30361
10.8177
14.1752
17.3366
20.2698
22.9494
25.3561
27.475
29.2957
30.811
32.0174
32.9139
33.5018
33.7835
33.7623
33.441
32.8217
31.9059
30.6944
29.1877
27.3869
25.2949
22.9171
20.2635
17.3501
14.2
10.8452
7.32637
3.69278
3.15389
6.26249
9.2827
12.1754
14.9067
17.448
19.7761
21.8726
23.7234
25.3178
26.6487
27.7116
28.5043
29.0266
29.2795
29.2647
28.9842
28.4396
27.6327
26.5652
25.2388
23.6566
21.8231
19.7458
17.4355
14.9084
12.1861
9.29681
6.275
3.16112
2.67384
5.31118
7.87699
10.339
12.6685
14.841
16.8357
18.6362
20.2291
21.6045
22.7553
23.6765
24.3655
24.8211
25.0433
25.0329
24.7912
24.3198
23.6203
22.695
21.5464
20.1784
18.5966
16.8089
14.8264
12.6641
10.3416
7.88296
5.31726
2.67755
2.23083
4.43236
6.57633
8.63642
10.5889
12.4129
14.0909
15.6082
16.9532
18.1167
19.0919
19.8742
20.4605
20.8492
21.0397
21.0324
20.8281
20.4281
19.8341
19.0483
18.0739
16.9149
15.577
14.0681
12.3986
10.5818
8.63465
6.57765
4.43462
2.2324
1.81747
3.61177
5.36047
7.0425
8.63865
10.1319
11.5077
12.7536
13.8596
14.8178
15.6222
16.2684
16.7535
17.0757
17.2342
17.2291
17.0608
16.7305
16.2398
15.5908
14.7865
13.8309
12.7294
11.4891
10.1191
8.63095
7.0388
5.35938
3.61194
1.81784
1.42752
2.83726
4.21192
5.53521
6.79213
7.96929
9.05504
10.0395
10.9144
11.6733
12.3111
12.8241
13.2096
13.4661
13.5926
13.589
13.4557
13.1936
12.804
12.2888
11.6508
10.8934
10.0213
9.04052
7.95864
6.78506
5.53106
4.20986
2.83645
1.4273
1.05554
2.09814
3.11522
4.09482
5.02595
5.89868
6.7043
7.4354
8.08575
8.65035
9.12527
9.50756
9.79512
9.98659
10.0812
10.0788
9.97964
9.7843
9.49391
9.11003
8.6348
8.07105
7.42244
6.69366
5.89055
5.02022
4.09114
3.11308
2.09706
1.05511
0.696615
1.38479
2.05629
2.7033
3.31858
3.89558
4.42853
4.91246
5.34322
5.7174
6.03234
6.28599
6.47691
6.60411
6.66707
6.66559
6.59983
6.47023
6.27753
6.02284
5.70764
5.33389
4.90413
4.42156
3.89012
3.3146
2.70061
2.05462
1.38387
0.696219
0.346206
0.688243
1.02205
1.34375
1.64975
1.93681
2.20204
2.44297
2.6575
2.84392
3.00087
3.12733
3.22254
3.28601
3.31744
3.31674
3.28397
3.21936
3.12328
2.99631
2.83921
2.65297
2.43889
2.1986
1.93407
1.64772
1.34234
1.02115
0.687729
0.345977
