0
18
36
54
72
90
108
126
144
162
180
198
216
234
252
270
288
306
324
342
360
378
396
414
432
479
526
569
612
658
704
751
798
843
888
933
978
1025
1072
1121
1170
1210
1250
1293
1336
1377
1418
1467
1516
1533
1550
1567
1584
1597
1610
1627
1644
1657
1670
1683
1696
1713
1730
1743
1756
1769
1782
1795
1808
1821
1834
1847
1860
1893
1926
1954
1982
2011
2040
2075
2110
2141
2172
2211
2250
2289
2328
2359
2390
2419
2448
2477
2506
2534
2562
2589
2616
2641
2666
2695
2724
2753
2782
2817
2852
2877
2902
2931
2960
2989
3018
3047
3076
3105
3134
3163
3192
3217
3242
3271
3300
3333
3366
3405
3444
3489
3534
3575
3616
3651
3686
3721
3756
3791
3826
3867
3908
3945
3982
4023
4064
4101
4138
4177
4216
4257
4298
4337
4376
4417
4458
4497
4536
4577
4618
4661
4704
4749
4794
4827
4860
4893
4926
4959
4992
5025
5058
5091
5124
5137
5150
5167
5184
5199
5214
5235
5256
5275
5294
5307
5320
5341
5362
5375
5388
5405
5422
5432
5442
5450
5458
5468
5478
5499
5520
5530
5540
5550
5560
5568
5576
5584
5592
5613
5634
5642
5650
5659
5668
5693
5718
5739
5760
5785
5810
5818
5826
5849
5872
5880
5888
5909
5930
5938
5946
5965
5984
5992
6000
6021
6042
6050
6058
6077
6096
6104
6112
6133
6154
6162
6170
6191
6212
6220
6228
6247
6266
6274
6282
6303
6324
6332
6340
6359
6378
6386
6394
6415
6436
6444
6452
6469
6486
6494
6502
6521
6540
6548
6556
6577
6598
6606
6614
6631
6648
6656
6664
6685
6706
6714
6722
6739
6756
6764
6772
6791
6810
6818
6826
6847
6868
6876
6884
6901
6918
6926
6934
6942
6950
6958
6966
6974
6982
6990
6998
7023
7048
7056
7064
7087
7110
7118
7126
7147
7168
7176
7184
7207
7230
7238
7246
7267
7288
7296
7304
7327
7350
7358
7366
7383
7400
7408
7416
7435
7454
7462
7470
7491
7512
7520
7528
7545
7562
7570
7578
7599
7620
7628
7636
7653
7670
7678
7686
7705
7724
7732
7740
7757
7774
7782
7790
7848
7906
7948
7990
8030
8070
8108
8146
8182
8218
8256
8294
8330
8366
8402
8438
8476
8514
8550
8586
8622
8658
8694
8730
8766
8802
8834
8866
8902
8938
8974
9010
9042
9074
9110
9146
9178
9210
9246
9282
9318
9354
9386
9418
9443
9468
9493
9518
9560
9602
9642
9682
9720
9758
9796
9834
9872
9910
9948
9986
10018
10050
10086
10122
10158
10194
10226
10258
10294
10330
10362
10394
10430
10466
10498
10530
10534
10538
10542
10546
10556
10566
10572
10578
10582
10586
10593
10600
10604
10608
10616
10624
10632
10640
10651
10662
10673
10684
10688
10692
10697
10702
10706
10710
10715
10720
10728
10736
10747
10758
10764
10770
10775
10780
10784
10788
10794
10800
10805
10810
10817
10824
10831
10838
10842
10846
10851
10856
10860
10864
10872
10880
10891
10902
10908
10914
10919
10924
10928
10932
10937
10942
10951
10960
10965
10970
10975
10980
10984
10988
10994
11000
11007
11014
11020
11026
11033
11040
11044
11048
11053
11058
11062
11066
11071
11076
11084
11092
11099
11106
11117
11128
11134
11140
11145
11150
11154
11158
11167
11176
11181
11186
11191
11196
11200
11204
11212
11220
11231
11242
11248
11254
11259
11264
11268
11272
11277
11282
11291
11300
11305
11310
11315
11320
11324
11328
11332
11336
11341
11346
11350
11354
11360
11366
11373
11380
11390
11400
11407
11414
11418
11422
11427
11432
11436
11440
11444
11448
11454
11460
11467
11474
11482
11490
11495
11500
11504
11508
11512
11516
11520
11524
11530
11536
11544
11552
11557
11562
11566
11570
11576
11582
11587
11592
11604
11616
11621
11626
11630
11634
11638
11642
11648
11654
11659
11664
11672
11680
11685
11690
11694
11698
11704
11710
11722
11734
11739
11744
11748
11752
11757
11762
11771
11780
11785
11790
11794
11798
11802
11806
11812
11818
11825
11832
11839
11846
11851
11856
11860
11864
11870
11876
11881
11886
11894
11902
11913
11924
11929
11934
11938
11942
11947
11952
11957
11962
11971
11980
11985
11990
11994
11998
12004
12010
12018
12026
12033
12040
12051
12062
12067
12072
12076
12080
12084
12088
12094
12100
12109
12118
12125
12132
12136
12140
12145
12150
12154
12158
12163
12168
12177
12186
12191
12196
12200
12204
12208
12212
12217
12222
12226
12230
12238
12246
12257
12268
12274
12280
12285
12290
12294
12298
12303
12308
12317
12326
12331
12336
12341
12346
12350
12354
12358
12362
12367
12372
12376
12380
12385
12390
12399
12408
12413
12418
12422
12426
12430
12434
12439
12444
12448
12452
12454
12456
12460
12464
12476
12488
12492
12496
12504
12512
12519
12526
12530
12534
12539
12544
12548
12552
12558
12564
12569
12574
12583
12592
12599
12606
12610
12614
12619
12624
12628
12632
12640
12648
12655
12662
12666
12670
12675
12680
12684
12688
12696
12704
12722
12740
12748
12756
12767
12778
12784
12790
12795
12800
12804
12808
12814
12820
12827
12834
12842
12850
12857
12864
12868
12872
12877
12882
12886
12890
12903
12916
12924
12932
12940
12948
12962
12976
12984
12992
13012
13032
13048
13064
13072
13080
13118
13156
13208
13260
13273
13286
13290
13294
13300
13306
13320
13334
13342
13350
13383
13416
13423
13430
13437
13444
13448
13452
13457
13462
13469
13476
13488
13500
13507
13514
13521
13528
13537
13546
13554
13562
13569
13576
13583
13590
13597
13604
13612
13620
13628
13636
13643
13650
13658
13666
13673
13680
13693
13706
13714
13722
13731
13740
13750
13760
13775
13790
13801
13812
13838
13864
13899
13934
13943
13952
13962
13972
13994
14016
14023
14030
14445
14447
14449
14451
14453
14455
14457
14459
14461
14463
14465
14467
14469
14471
14473
14475
14477
14479
14481
14483
14485
14487
14489
14491
14493
14495
14497
14499
14501
14503
14505
14507
14509
14511
14513
14515
14517
14519
14521
14523
14525
14527
14529
14531
14533
14535
14537
14539
14541
14543
14545
14547
14549
14551
14553
14555
14557
14559
14561
14563
14565
14567
14569
14571
14573
14575
14577
14579
14581
14583
14585
14587
14589
14591
14593
14595
14597
14599
14601
14603
14605
14607
14609
14611
14613
14615
14617
14619
14621
14623
14625
14627
14629
14631
14633
14635
14637
14639
14641
14643
14645
14647
14649
14651
14653
14655
14657
14659
14661
14663
14665
14667
14669
14671
14673
14675
14677
14679
14681
14683
14685
14687
14689
14691
14693
14695
14697
14699
14701
14703
14705
14707
14709
14711
14713
14715
14717
14719
14721
14723
14725
14727
14729
14731
14733
14735
14737
14739
14741
14743
14745
14747
14749
14751
14753
14755
14757
14759
14761
14763
14765
14767
14769
14771
14773
14775
14777
14779
14781
14783
14785
14787
14789
14791
14793
14795
14797
14799
14801
14803
14805
14807
14809
14811
14813
14815
14817
14819
14821
14823
14825
14827
14829
14831
14833
14835
14837
14839
14841
14843
14845
14847
14849
14851
14853
14855
14857
14859
14861
14863
14865
14867
14869
14871
14873
14875
14877
14879
14881
14883
14885
14887
14889
14891
14893
14895
14897
14899
14901
14903
14905
14907
14909
14911
14913
14915
14917
14919
14921
14923
14925
14927
14929
14931
14933
14935
14937
14939
14941
14943
14945
14947
14949
14951
14953
14955
14957
14959
14961
14963
14965
14967
14969
14971
14973
14975
14977
14979
14981
14983
14985
14987
14989
14991
14993
14995
14997
14999
15001
15003
15005
15007
15009
15011
15013
15015
15017
15019
15021
15023
15025
15027
15029
15031
15033
15035
15037
15039
15041
15043
15045
15047
15049
15051
15053
15055
15057
15059
15061
15063
15065
15067
15069
15071
15073
15075
15077
15079
15081
15083
15085
15087
15089
15091
15093
15095
15097
15099
15101
15103
15105
15107
15109
15111
15113
15115
15117
15119
15121
15123
15125
15127
15129
15131
15133
15135
15137
15139
15141
15143
15145
15147
15149
15151
15153
15155
15157
15159
15161
15163
15165
15167
15169
15171
15173
15175
15177
15179
15181
15183
15185
15187
15189
15191
15193
15195
15197
15199
15201
15203
15205
15207
15209
15211
15213
15215
15217
15219
15221
15223
15225
15227
15229
15231
15233
15235
15237
15239
15241
15243
15245
15247
15249
15251
15253
15255
15257
15259
15261
15263
15265
15267
15269
15271
15273
15275
15277
15279
15281
15283
15285
15287
15289
15291
15293
15295
15297
15299
15301
15303
15305
15307
15309
15311
15313
15315
15317
15319
15321
15323
15325
15327
15329
15331
15333
15335
15337
15339
15341
15343
15345
15347
15349
15351
15353
15355
15357
15359
15361
15363
15365
15367
15369
15371
15373
15375
15377
15379
15381
15383
15385
15387
15389
15391
15393
15395
15397
15399
15401
15403
15405
15407
15409
15411
15413
15415
15417
15419
15421
15423
15425
15427
15429
15431
15433
15435
15437
15439
15441
15443
15445
15447
15449
15451
15453
15455
15457
15459
15461
15463
15465
15467
15469
15471
15473
15475
15477
15479
15481
15483
15485
15487
15489
15491
15493
15495
15497
15499
15501
15503
15505
15507
15509
15511
15513
15515
15517
15519
15521
15523
15525
15527
15529
15531
15533
15535
15537
15539
15541
15543
15545
15547
15549
15551
15553
15555
15557
15559
15561
15563
15565
15567
15569
15571
15573
15575
15577
15579
15581
15583
15585
15587
15589
15591
15593
15595
15597
15599
15601
15603
15605
15607
15609
15611
15613
15615
15617
15619
15621
15623
15625
15627
15629
15631
15633
15635
15637
15639
15641
15643
15645
15647
15649
15651
15653
15655
15657
15659
15661
15663
15665
15667
15669
15671
15673
15675
15677
15679
15681
15683
15685
15687
15689
15691
15693
15695
15697
15699
15701
15703
15705
15707
15709
15711
15713
15715
15717
15719
15721
15723
15725
15727
15729
15731
15733
15735
15737
15739
15741
15743
15745
15747
15749
15751
15753
15755
15757
15759
15761
15763
15765
15767
15769
15771
15773
15775
15777
15779
15781
15783
15785
15787
15789
15791
15793
15795
15797
15799
15801
15803
15805
15807
15809
15811
15813
15815
15817
15819
15821
15823
15825
15827
15829
15831
15833
15835
15837
15839
15841
15843
15845
15847
15849
15851
15853
15855
15857
15859
15861
15863
15865
15867
15869
15871
15873
15875
15877
15879
15881
15883
15885
15887
15889
15891
15893
15895
15897
15899
15901
15903
15905
15907
15909
15911
15913
15915
15917
15919
15921
15923
15925
15927
15929
15931
15933
15935
15937
15939
15941
15943
15945
15947
15949
15951
15953
15955
15957
15959
15961
15963
15965
15967
15969
15971
15973
15975
15977
15979
15981
15983
15985
15987
15989
15991
15993
15995
15997
15999
16001
16003
16005
16007
16009
16011
16013
16015
16017
16019
16021
16023
16025
16027
16029
16031
16033
16035
16037
16039
16041
16043
16045
16047
16049
16051
16053
16055
16057
16059
16061
16063
16065
16067
16069
16071
16073
16075
16077
16079
16081
16083
16085
16087
16089
16091
16093
16095
16097
16099
16101
16103
16105
16107
16109
16111
16113
16115
16117
16119
16121
16123
16125
16127
16129
16131
16133
16135
16137
16139
16141
16143
16145
16147
16149
16151
16153
16155
16157
16159
16161
16163
16165
16167
16169
16171
16173
16175
16177
16179
16181
16183
16185
16187
16189
16191
16193
16195
16197
16199
16201
16203
16205
16207
16209
16211
16213
16215
16217
16219
16221
16223
16225
16227
16229
16231
16233
16235
16237
16239
16241
16243
16245
16247
16249
16251
16253
16255
16257
16259
16261
16263
16265
16267
16269
16271
16273
16275
16277
16279
16281
16283
16285
16287
16289
16291
16293
16295
16297
16299
16301
16303
16305
16307
16309
16311
16313
16315
16317
16319
16321
16323
16325
16327
16329
16331
16333
16335
16337
16339
16341
16343
16345
16347
16349
16351
16353
16355
16357
16359
16361
16363
16365
16367
16369
16371
16373
16375
16377
16379
16381
16383
16385
16387
16389
16391
16393
16395
16397
16399
16401
16403
16405
16407
16409
16411
16413
16415
16417
16419
16421
16423
16425
16427
16429
16431
16433
16435
16437
16439
16441
16443
16445
16447
16449
16451
16453
16455
16457
16459
16461
16463
16465
16467
16469
16471
16473
16475
16477
16479
16481
16483
16485
16487
16489
16491
16493
16495
16497
16499
16501
16503
16505
16507
16509
16511
16513
16515
16517
16519
16521
16523
16525
16527
16529
16531
16533
16535
16537
16539
16541
16543
16545
16547
16549
16551
16553
16555
16557
16559
16561
16563
16565
16567
16569
16571
16573
16575
16577
16579
16581
16583
16585
16587
16589
16591
16593
16595
16597
16599
16601
16603
16605
16607
16609
16611
16613
16615
16617
16619
16621
16623
16625
16627
16629
16631
16633
16635
16637
16639
16641
16643
16645
16647
16649
16651
16653
16655
16657
16659
16661
16663
16665
16667
16669
16671
16673
16675
16677
16679
16681
16683
16685
16687
16689
16691
16693
16695
16697
16699
16701
16703
16705
16707
16709
16711
16713
16715
16717
16719
16721
16723
16725
16727
16729
16731
16733
16735
16737
16739
16741
16743
16745
16747
16749
16751
16753
16755
16757
16759
16761
16763
16765
16767
16769
16771
16773
16775
16777
16779
16781
16783
16785
16787
16789
16791
16793
16795
16797
16799
16801
16803
16805
16807
16809
16811
16813
16815
16817
16819
16821
16823
16825
16827
16829
16831
16833
16835
16837
16839
16841
16843
16845
16847
16849
16851
16853
16855
16857
16859
16861
16863
16865
16867
16869
16871
16873
16875
16877
16879
16881
16883
16885
16887
16889
16891
16893
16895
16897
16899
16901
16903
16905
16907
16909
16911
16913
16915
16917
16919
16921
16923
16925
16927
16929
16931
16933
16935
16937
16939
16941
16943
16945
16947
16949
16951
16953
16955
16957
16959
16961
16963
16965
16967
16969
16971
16973
16975
16977
16979
16981
16983
16985
16987
16989
16991
16993
16995
16997
16999
17001
17003
17005
17007
17009
17011
17013
17015
17017
17019
17021
17023
17025
17027
17029
17031
17033
17035
17037
17039
17041
17043
17045
17047
17049
17051
17053
17055
17057
17059
17061
17063
17065
17067
17069
17071
17073
17075
17077
17079
17081
17083
17085
17087
17089
17091
17093
17095
17097
17099
17101
17103
17105
17107
17109
17111
17113
17115
17117
17119
17121
17123
17125
17127
17129
17131
17133
17135
17137
17139
17141
17143
17145
17147
17149
17151
17153
17155
17157
17159
17161
17163
17165
17167
17169
17171
17173
17175
17177
17179
17181
17183
17185
17187
17189
17191
17193
17195
17197
17199
17201
17203
17205
17207
17209
17211
17213
17215
17217
17219
17221
17223
17225
17227
17229
17231
17233
17235
17237
17239
17241
17243
17245
17247
17249
17251
17253
17255
17257
17259
17261
17263
17265
17267
17269
17271
17273
17275
17277
17279
17281
17283
17285
17287
17289
17291
17293
17295
17297
17299
17301
17303
17305
17307
17309
17311
17313
17315
17317
17319
17321
17323
17325
17327
17329
17331
17333
17335
17337
17339
17341
17343
17345
17347
17349
17351
17353
17355
17357
17359
17361
17363
17365
17367
17369
17371
17373
17375
17377
17379
17381
17383
17385
17387
17389
17391
17393
17395
17397
17399
17401
17403
17405
17407
17409
17411
17413
17415
17417
17419
17421
17423
17425
17427
17429
17431
17433
17435
17437
17439
17441
17443
17445
17447
17449
17451
17453
17455
17457
17459
17461
17463
17465
17467
17469
17471
17473
17475
17477
17479
17481
17483
17485
17487
17489
17491
17493
17495
17497
17499
17501
17503
17505
17507
17509
17511
17513
17515
17517
17519
17521
17523
17525
17527
17529
17531
17533
17535
17537
17539
17541
17543
17545
17547
17549
17551
17553
17555
17557
17559
17561
17563
17565
17567
17569
17571
17573
17575
17577
17579
17581
17583
17585
17587
17589
17591
17593
17595
17597
17599
17601
17603
17605
17607
17609
17611
17613
17615
17617
17619
17621
17623
17625
17627
17629
17631
17633
17635
17642
17649
17656
17663
17670
17677
17684
17691
17698
17705
17712
17719
17726
17733
17740
17747
17754
17761
17767
17773
17779
17785
17791
17797
17804
17811
17817
17823
17829
17835
17841
17847
17853
17859
17866
17873
17879
17885
17890
17895
17902
17909
17916
17923
17930
17937
17943
17949
17956
17963
17969
17975
17982
17989
17995
18001
18008
18015
18021
18027
18034
18041
18047
18053
18060
18067
18073
18079
18086
18093
18099
18105
18112
18119
18125
18131
18138
18145
18151
18157
18164
18171
18177
18183
18190
18197
18203
18209
18216
18223
18229
18235
18242
18249
18255
18261
18268
18275
18281
18287
18294
18301
18307
18313
18320
18327
18333
18339
18346
18353
18359
18365
18372
18379
18385
18391
18398
18405
18411
18417
18424
18431
18437
18443
18450
18457
18463
18469
18475
18481
18487
18493
18499
18505
18511
18517
18524
18531
18537
18543
18550
18557
18563
18569
18576
18583
18589
18595
18602
18609
18615
18621
18628
18635
18641
18647
18654
18661
18667
18673
18680
18687
18693
18699
18706
18713
18719
18725
18732
18739
18745
18751
18758
18765
18771
18777
18784
18791
18797
18803
18810
18817
18823
18829
18836
18843
18849
18855
18862
18869
18875
18881
18887
18895
18901
18909
18915
18923
18931
18937
18943
18951
18957
18963
18971
18977
18987
18995
19001
19007
19015
19027
19035
19045
19053
19059
19065
19073
19085
19091
19101
19109
19115
19121
19129
19141
19147
19155
19161
19171
19179
19187
19199
19209
19217
19223
19229
19237
19243
19249
19257
19269
19279
19287
19300
19313
19326
19339
19352
19365
19380
19395
19410
19425
19440
19455
19462
19469
19476
19483
19490
19497
19504
19511
19518
19525
19532
19539
19552
19565
19578
19591
19604
19617
19630
19643
19656
19669
19682
19695
19702
19709
19716
19723
19730
19737
19750
19763
19776
19789
19802
19815
19822
19829
19836
19843
19850
19857
19864
19871
19878
19885
19892
19899
19912
19925
19938
19951
19964
19977
19984
19991
19998
20005
20012
20019
20029
20039
20049
20059
20069
20079
20089
20099
20109
20119
20129
20139
20148
20158
20168
20177
20187
20197
20207
20217
20227
20237
20247
20257
20267
20277
20287
20297
20307
20317
20325
20333
20341
20349
20357
20365
20373
20381
20389
20397
20405
20413
20421
20429
20437
20445
20453
20461
20468
20476
20484
20491
20499
20507
20515
20523
20531
20539
20547
20555
20563
20571
20579
20587
20595
20603
20649
20695
20741
20787
20833
20879
20888
20897
20906
20915
20922
20929
20936
20943
20950
20957
20964
20971
20978
20985
20992
20999
21006
21013
21020
21027
21034
21041
21048
21055
21062
21069
21076
21083
21090
21097
21104
21111
21118
21125
21132
21139
21146
21153
21160
21167
21174
21181
21188
21195
21202
21209
21216
21223
21233
21243
21253
21263
21272
21282
21291
21301
21311
21321
21331
21341
21351
21361
21371
21381
21391
21401
21411
21421
21431
21441
21451
21461
21469
21477
21485
21493
21501
21509
21517
21525
21533
21541
21549
21557
21565
21573
21581
21589
21596
21604
21611
21619
21627
21635
21643
21651
21659
21667
21675
21683
21691
21699
21707
21715
21725
21735
21745
21755
21765
21775
21785
21795
21803
21811
21819
21827
21835
21843
21851
21859
21867
21875
21883
21891
21899
21907
21915
21923
21931
21939
21947
21955
21963
21971
21979
21987
21995
22003
22011
22019
22027
22035
22043
22051
22059
22067
22075
22083
22093
22103
22113
22123
22133
22143
22153
22163
22173
22183
22193
22203
22213
22223
22233
22243
22253
22263
22273
22283
22293
22303
22313
22323
22333
22343
22353
22363
22373
22383
22393
22403
22413
22423
22433
22443
22453
22463
22473
22483
22493
22503
22513
22523
22533
22543
22553
22563
22573
22583
22593
22603
22613
22623
22633
22643
22653
22663
22673
22683
22693
22703
22713
22723
22733
22743
22753
22763
22777
22791
22805
22819
22839
22859
22879
22899
22933
22967
23001
23035
23055
23075
23095
23115
23123
23131
23139
23147
23179
23211
23243
23275
23281
23287
23293
23299
23304
23309
23315
23321
23327
23333
23338
23343
23349
23355
23361
23366
23372
23378
23384
23389
23395
23401
23407
23412
23418
23424
23430
23435
23441
23447
23453
23458
23464
23470
23476
23481
23487
23493
23499
23504
23510
23516
23522
23527
23533
23539
23545
23550
23556
23562
23568
23573
23579
23585
23591
23596
23602
23608
23614
23619
23625
23631
23637
23642
23648
23654
23660
23665
23671
23677
23683
23688
23694
23700
23706
23711
23717
23723
23729
23734
23740
23746
23752
23757
23763
23769
23775
23780
23786
23792
23798
23803
23809
23815
23821
23826
23832
23838
23844
23849
23855
23861
23867
23872
23878
23884
23890
23895
23901
23907
23913
23918
23924
23930
23936
23941
23947
23953
23959
23964
23970
23976
23982
23987
23993
23999
24005
24010
24016
24022
24028
24033
24039
24045
24051
24056
24062
24068
24074
24079
24085
24091
24097
24102
24108
24114
24120
24125
24131
24137
24143
24148
24154
24160
24166
24171
24177
24183
24189
24194
24200
24206
24212
24217
24223
24229
24235
24240
24246
24252
24258
24263
24269
24275
24281
24286
24292
24298
24304
24309
24315
24320
24326
24331
24337
24342
24348
24353
24361
24368
24376
24383
24391
24398
24406
24413
24419
24425
24431
24436
24442
24448
24454
24459
24465
24471
24477
24482
24488
24494
24500
24505
24511
24517
24523
24528
24534
24540
24546
24551
24557
24563
24569
24574
24580
24586
24592
24597
24603
24609
24615
24620
24626
24632
24638
24643
24649
24655
24661
24666
24672
24678
24684
24689
24695
24701
24707
24712
24718
24724
24730
24735
24741
24747
24753
24758
24764
24770
24776
24781
24787
24793
24799
24804
24810
24816
24822
24827
24833
24839
24845
24850
24856
24862
24868
24873
24879
24885
24891
24896
24902
24908
24914
24919
24925
24931
24937
24942
24948
24954
24960
24965
24971
24977
24983
24988
24994
25000
25006
25011
25017
25023
25029
25034
25040
25046
25052
25057
25067
25080
25090
25103
25113
25126
25136
25149
25167
25185
25207
25229
25251
25272
25287
25305
25323
25345
25367
25389
25410
25425
25439
25457
25475
25486
25500
25518
25536
25547
25565
25583
25600
25611
25629
25647
25664
25675
25689
25703
25721
25739
25756
25767
25781
25795
25813
25831
25848
25859
25870
25881
25896
25911
25925
25936
25947
25962
25977
25991
26002
26013
26028
26042
26053
26064
26079
26093
26104
26115
26130
26145
26156
26167
26182
26197
26208
26223
26238
26252
26263
26278
26293
26307
26321
26335
26353
26370
26381
26395
26409
26427
26444
26455
26468
26481
26494
26507
26520
26533
26547
26561
26578
26589
26603
26617
26634
26645
26659
26673
26691
26709
26720
26734
26748
26766
26784
26795
26809
26823
26835
26846
26860
26874
26886
26897
26919
26941
26963
26984
27006
27028
27050
27071
27085
27103
27121
27138
27149
27163
27181
27199
27216
27227
27240
27253
27266
27279
27292
27305
27318
27331
27344
27357
27370
27383
27405
27427
27449
27470
27492
27514
27536
27557
27572
27587
27602
27617
27632
27647
27683
27719
27755
27790
27826
27862
27898
27933
27980
28027
28078
28129
28180
28230
28277
28324
28375
28426
28477
28527
28540
28553
28566
28579
28592
28605
28618
28631
28644
28657
28670
28683
28717
28751
28785
28818
28852
28886
28920
28953
28967
28985
29002
29013
29027
29045
29062
29073
29077
29081
29085
29089
29093
29097
29101
29105
29109
29113
29117
29121
29125
29129
29133
29137
29141
29145
29149
29153
29157
29161
29165
29169
29173
29177
29181
29185
29189
29193
29197
29201
29205
29209
29213
29217
29221
29225
29229
29233
29237
29241
29245
29249
29253
29257
29261
29265
29269
29273
29277
29281
29285
29289
29293
29297
29301
29305
29309
29313
29317
29321
29325
29329
29333
29337
29341
29345
29349
29353
29357
29361
29365
29369
29373
29377
29381
29385
29389
29393
29397
29401
29405
29409
29413
29417
29421
29425
29429
29433
29437
29441
29445
29449
29453
29457
29461
29465
29469
29473
29477
29481
29485
29489
29493
29497
29501
29505
29509
29513
29517
29521
29525
29529
29533
29537
29541
29545
29549
29553
29557
29561
29565
29569
29573
29577
29581
29585
29589
29593
29597
29601
29605
29609
29613
29617
29621
29625
29629
29633
29637
29641
29645
29649
29653
29657
29661
29665
29669
29673
29677
29681
29685
29689
29693
29697
29701
29705
29709
29713
29717
29721
29725
29729
29733
29737
29741
29745
29749
29753
29757
29761
29765
29769
29773
29777
29781
29785
29789
29793
29797
29801
29805
29809
29813
29817
29821
29825
29829
29833
29837
29841
29845
29849
29853
29857
29861
29865
29869
29873
29877
29881
29885
29889
29893
29897
29901
29905
29909
29913
29917
29921
29925
29929
29933
29937
29941
29945
30383
30388
30393
30400
30410
30417
30424
30429
30434
30441
30451
30458
30465
30470
30480
30487
30495
30500
30510
30517
30525
30530
30546
30565
30578
30593
30611
30623
30631
30636
30652
30671
30684
30699
30717
30729
30737
30742
30752
30759
30767
30772
30782
30789
30797
30802
30818
30832
30845
30860
30873
30885
30893
30898
30914
30928
30941
30956
30969
30981
30989
30994
31010
31023
31038
31050
31058
31063
31079
31092
31107
31119
31127
31132
31142
31149
31157
31162
31172
31179
31187
31192
31212
31231
31244
31263
31281
31293
31301
31306
31326
31345
31358
31377
31395
31407
31415
31420
31433
31446
31458
31470
31478
31483
31496
31509
31521
31533
31541
31546
31560
31574
31587
31600
31613
31625
31633
31638
31652
31666
31679
31692
31705
31717
31725
31730
31744
31757
31770
31782
31790
31795
31809
31822
31835
31847
31855
31860
31867
31877
31885
31890
31897
31907
31915
31920
31930
31937
31945
31950
31960
31967
31975
31980
31987
31997
32005
32010
32017
32027
32035
32040
32047
32057
32065
32070
32077
32087
32095
32100
32112
32124
32139
32152
32165
32181
32189
32194
32206
32218
32233
32246
32259
32275
32283
32288
32295
32305
32313
32318
32325
32335
32343
32348
32360
32372
32382
32395
32408
32419
32427
32432
32444
32456
32466
32479
32492
32503
32511
32516
32528
32540
32553
32566
32574
32579
32591
32603
32616
32629
32637
32642
32649
32659
32667
32672
32679
32689
32697
32702
32714
32730
32745
32758
32775
32791
32799
32804
32816
32832
32847
32860
32877
32893
32901
32906
32918
32933
32946
32962
32970
32975
32987
33002
33015
33031
33039
33044
33056
33072
33088
33101
33118
33135
33143
33148
33160
33176
33192
33205
33222
33239
33247
33252
33262
33269
33277
33282
33292
33299
33307
33312
33324
33334
33347
33358
33366
33371
33383
33393
33406
33417
33425
33430
33440
33447
33455
33460
33470
33477
33485
33490
33504
33518
33531
33544
33557
33569
33577
33582
33596
33610
33623
33636
33649
33661
33669
33674
33688
33701
33714
33726
33734
33739
33753
33766
33779
33791
33799
33804
33811
33821
33829
33834
33841
33851
33859
33864
33874
33884
33895
33906
33914
33919
33929
33939
33950
33961
33969
33974
33982
33987
33995
34000
34008
34013
34021
34029
34037
34042
34052
34059
34067
34072
34082
34089
34097
34102
34112
34119
34127
34132
34142
34149
34157
34162
34172
34179
34187
34192
34202
34209
34217
34222
34238
34254
34267
34282
34297
34309
34317
34322
34338
34354
34367
34382
34397
34409
34417
34422
34432
34439
34447
34452
34462
34469
34477
34482
34492
34499
34507
34512
34522
34529
34536
